<svg width="127" height="128" viewBox="0 0 127 128" fill="none" xmlns="http://www.w3.org/2000/svg">
<path d="M110.919 -3.63141C110.919 -3.63141 93.7133 -15.0276 72.755 -9.01588C51.7941 -3.00606 37.4867 15.781 25.4919 30.6922C13.4953 45.606 14.0191 63.9671 26.24 75.3454C38.4609 86.7236 50.771 77.5595 70.6535 81.9507C90.5359 86.3419 95.1763 90.4995 114.208 83.4512C133.239 76.403 142.441 50.7889 134.132 28.0461C125.82 5.3015 110.919 -3.63141 110.919 -3.63141Z" fill="#F1B869"/>
<path d="M56.204 64.5631C55.3735 64.8376 54.4745 64.384 54.2003 63.5545L48.6545 46.7747C48.4166 46.0547 47.64 45.6628 46.9215 45.9003C46.2031 46.1377 45.8129 46.9152 46.0509 47.6352L50.1907 60.161C50.4344 60.8983 50.0347 61.695 49.299 61.9381C48.5633 62.1812 47.7676 61.7797 47.5239 61.0424L45.2384 54.1272C45.0623 53.5943 44.4884 53.3048 43.9568 53.4805C43.4252 53.6562 43.1369 54.2307 43.313 54.7635L44.163 57.3355L42.0422 58.0364L41.947 57.7484L43.7805 57.1425L43.0256 54.8585C42.7972 54.1673 43.1719 53.4204 43.8616 53.1925C44.5513 52.9645 45.2973 53.341 45.5258 54.0322L47.8113 60.9474C48.0026 61.5263 48.6262 61.841 49.2038 61.6501C49.7814 61.4592 50.0947 60.8349 49.9034 60.256L45.7635 47.7302C45.4732 46.8518 45.9498 45.902 46.8263 45.6123C47.7028 45.3226 48.6516 45.8013 48.9419 46.6798L54.4877 63.4595C54.7095 64.1306 55.4363 64.4974 56.1088 64.2751C56.7784 64.0538 57.1435 63.3261 56.9217 62.6551L50.1556 42.183C49.8034 41.1173 50.3819 39.9645 51.4452 39.6131C52.5085 39.2616 53.66 39.8427 54.0122 40.9083L60.7469 61.2854C60.9849 62.0054 61.7615 62.3973 62.4799 62.1599C63.1983 61.9224 63.5885 61.1449 63.3505 60.4249L57.9837 44.1866C57.6467 43.167 58.2002 42.064 59.2175 41.7278C60.2348 41.3916 61.3366 41.9475 61.6736 42.9671L65.6325 54.9456C65.8391 55.5706 66.5162 55.9123 67.1398 55.7062C67.7634 55.5001 68.1036 54.8222 67.897 54.1972L65.7448 47.6852C65.4963 46.9335 65.9038 46.1215 66.6538 45.8736C67.4039 45.6257 68.2178 46.034 68.4662 46.7857L69.1202 48.7644L71.241 48.0635L71.3362 48.3515L68.928 49.1474L68.1788 46.8807C67.9827 46.2874 67.341 45.966 66.749 46.1616C66.157 46.3573 65.837 46.9998 66.0322 47.5902L68.1844 54.1022C68.4433 54.8856 68.0167 55.7359 67.235 55.9942C66.4534 56.2526 65.6041 55.824 65.3451 55.0406L61.3862 43.0621C61.1016 42.2009 60.1719 41.7318 59.3127 42.0158C58.4534 42.2998 57.9864 43.2305 58.2711 44.0916L63.6379 60.3299C63.9282 61.2084 63.4516 62.1582 62.5751 62.4479C61.6986 62.7376 60.7498 62.2588 60.4595 61.3804L53.7248 41.0033C53.425 40.0961 52.4456 39.6019 51.5404 39.9011C50.6351 40.2003 50.1432 41.1807 50.443 42.088L57.2091 62.5601C57.4861 63.3886 57.0345 64.2886 56.204 64.5631Z" fill="#FEDEA5"/>
<path d="M83.9352 55.3968C83.1047 55.6713 82.2057 55.2176 81.9316 54.3882L76.3858 37.6084C76.1478 36.8884 75.3712 36.4965 74.6528 36.7339C73.9343 36.9714 73.5442 37.7489 73.7822 38.4689L77.922 50.9947C78.1657 51.732 77.7659 52.5286 77.0303 52.7718C76.2946 53.0149 75.4989 52.6134 75.2552 51.8761L72.9697 44.9608C72.7936 44.428 72.2197 44.1385 71.6881 44.3142C71.1564 44.4899 70.8681 45.0644 71.0442 45.5972L71.8943 48.1692L69.7735 48.8701L69.6783 48.5821L71.5117 47.9761L70.7569 45.6922C70.5284 45.0009 70.9032 44.2541 71.5929 44.0261C72.2826 43.7982 73.0286 44.1746 73.257 44.8659L75.5425 51.7811C75.7339 52.36 76.3575 52.6747 76.9351 52.4837C77.5127 52.2928 77.826 51.6686 77.6346 51.0897L73.4948 38.5639C73.2045 37.6854 73.6811 36.7356 74.5576 36.4459C75.4341 36.1563 76.3828 36.635 76.6732 37.5134L82.2189 54.2932C82.4407 54.9643 83.1676 55.331 83.8401 55.1088C84.5096 54.8875 84.8748 54.1598 84.653 53.4887L77.8869 33.0166C77.5347 31.951 78.1132 30.7981 79.1764 30.4467C80.2397 30.0953 81.3912 30.6764 81.7434 31.742L88.4781 52.1191C88.7161 52.8391 89.4927 53.231 90.2112 52.9935C90.9296 52.7561 91.3197 51.9786 91.0817 51.2586L85.7149 35.0203C85.378 34.0007 85.9315 32.8977 86.9488 32.5615C87.9661 32.2252 89.0678 32.7812 89.4048 33.8008L93.3638 45.7793C93.5703 46.4043 94.2475 46.746 94.8711 46.5399C95.4947 46.3338 95.8348 45.6559 95.6283 45.0309L93.476 38.5188C93.2276 37.7671 93.635 36.9552 94.3879 36.7063C95.138 36.4584 95.949 36.8677 96.1975 37.6194L96.8514 39.5981L98.9722 38.8971L99.0674 39.1851L96.6592 39.9811L95.9101 37.7144C95.714 37.1211 95.0751 36.7987 94.4831 36.9944C93.8911 37.19 93.5683 37.8334 93.7634 38.4239L95.9156 44.9359C96.1746 45.7193 95.7479 46.5695 94.9663 46.8279C94.1846 47.0862 93.3353 46.6577 93.0764 45.8743L89.1174 33.8957C88.8328 33.0346 87.9032 32.5655 87.0439 32.8495C86.1847 33.1335 85.7177 34.0641 86.0023 34.9253L91.3691 51.1636C91.6594 52.042 91.1828 52.9918 90.3063 53.2815C89.4299 53.5712 88.4811 53.0925 88.1908 52.214L81.4561 31.837C81.1562 30.9297 80.1769 30.4356 79.2716 30.7347C78.3664 31.0339 77.8744 32.0144 78.1743 32.9216L84.9404 53.3937C85.2174 54.2223 84.7658 55.1223 83.9352 55.3968Z" fill="#FEDEA5"/>
<path d="M111.667 46.2317C110.836 46.5062 109.937 46.0525 109.663 45.2231L104.117 28.4433C103.879 27.7233 103.103 27.3314 102.384 27.5689C101.666 27.8063 101.276 28.5838 101.514 29.3038L105.654 41.8296C105.897 42.5669 105.498 43.3635 104.762 43.6067C104.026 43.8498 103.23 43.4483 102.987 42.711L100.701 35.7957C100.525 35.2629 99.9513 34.9734 99.4196 35.1491C98.888 35.3248 98.5997 35.8993 98.7758 36.4321L99.6259 39.0041L97.505 39.705L97.4099 39.417L99.2433 38.811L98.4884 36.5271C98.26 35.8358 98.6347 35.089 99.3244 34.8611C100.014 34.6331 100.76 35.0095 100.989 35.7008L103.274 42.616C103.465 43.1949 104.089 43.5096 104.667 43.3187C105.244 43.1278 105.558 42.5035 105.366 41.9246L101.226 29.3988C100.936 28.5204 101.413 27.5705 102.289 27.2808C103.166 26.9912 104.114 27.4699 104.405 28.3483L109.951 45.1281C110.172 45.7992 110.899 46.1659 111.572 45.9437C112.244 45.7214 112.606 44.9947 112.385 44.3236L105.618 23.8515C105.266 22.7859 105.845 21.6331 106.908 21.2816C107.971 20.9302 109.123 21.5113 109.475 22.5769L116.21 42.954C116.448 43.674 117.224 44.0659 117.943 43.8284C118.661 43.591 119.051 42.8135 118.813 42.0935L113.447 25.8552C113.11 24.8356 113.663 23.7326 114.68 23.3964C115.698 23.0601 116.799 23.6161 117.136 24.6357L121.095 36.6142C121.302 37.2392 121.979 37.5809 122.603 37.3748C123.226 37.1687 123.566 36.4908 123.36 35.8658L121.208 29.3538C120.959 28.602 121.367 27.7901 122.12 27.5413C122.87 27.2934 123.681 27.7026 123.929 28.4543L124.583 30.433L126.704 29.732L126.799 30.0201L124.391 30.816L123.642 28.5493C123.446 27.956 122.807 27.6336 122.215 27.8293C121.623 28.0249 121.3 28.6683 121.495 29.2588L123.647 35.7708C123.906 36.5542 123.479 37.4044 122.698 37.6628C121.916 37.9211 121.067 37.4926 120.808 36.7092L116.849 24.7306C116.564 23.8695 115.635 23.4004 114.776 23.6844C113.916 23.9684 113.449 24.899 113.734 25.7602L119.101 41.9985C119.391 42.8769 118.914 43.8268 118.038 44.1164C117.161 44.4061 116.213 43.9274 115.922 43.0489L109.188 22.6719C108.888 21.7646 107.908 21.2705 107.003 21.5697C106.098 21.8688 105.606 22.8493 105.906 23.7565L112.672 44.2286C112.949 45.0572 112.497 45.9572 111.667 46.2317Z" fill="#FEDEA5"/>
<path d="M68.8454 -0.222687L67.963 -2.89259L66.099 -0.79735L68.8454 -0.222687Z" fill="#263238"/>
<path d="M65.2895 -2.07962L64.87 -1.94095L65.7714 0.786552L66.191 0.647885L65.2895 -2.07962Z" fill="#263238"/>
<path d="M73.3586 -7.49692C71.3987 -6.84917 70.3388 -4.73217 70.9871 -2.77079C71.6363 -0.806524 73.7509 0.258088 75.7079 -0.388713C77.6678 -1.03647 78.7277 -3.15347 78.0795 -5.11485C77.4303 -7.07911 75.3185 -8.14467 73.3586 -7.49692ZM74.6491 -1.90451L73.5944 -1.55594L72.356 -5.30301L73.4107 -5.65158L74.6491 -1.90451ZM76.7096 -2.5855L75.6549 -2.23693L74.4165 -5.98401L75.4711 -6.33258L76.7096 -2.5855Z" fill="#263238"/>
<path d="M113.163 12.7161C112.925 12.7949 112.669 12.6656 112.59 12.4265L111.3 8.5239C111.221 8.28484 111.349 8.02824 111.588 7.94941C111.826 7.87057 112.083 7.99991 112.162 8.23896L113.452 12.1416C113.53 12.3777 113.402 12.6372 113.163 12.7161Z" fill="#FFDB9D"/>
<path d="M111.581 12.6667C111.343 12.7455 111.087 12.6162 111.008 12.3772L110.059 9.50565C109.98 9.26659 110.108 9.00999 110.347 8.93116C110.585 8.85232 110.842 8.98166 110.921 9.22071L111.87 12.0922C111.949 12.3313 111.82 12.5879 111.581 12.6667Z" fill="#FFDB9D"/>
<path d="M110.171 13.1328C109.932 13.2117 109.676 13.0823 109.597 12.8433L108.648 9.97177C108.569 9.73272 108.698 9.47611 108.936 9.39728C109.175 9.31845 109.431 9.44778 109.51 9.68684L110.459 12.5584C110.538 12.7974 110.409 13.054 110.171 13.1328Z" fill="#FFDB9D"/>
<path d="M127.097 7.53894C126.859 7.61777 126.602 7.48844 126.523 7.24938L125.574 4.37787C125.495 4.13882 125.624 3.88221 125.862 3.80338C126.101 3.72455 126.357 3.85388 126.436 4.09293L127.385 6.96445C127.464 7.2035 127.336 7.46011 127.097 7.53894Z" fill="#FFDB9D"/>
<path d="M125.686 8.00505C125.447 8.08388 125.191 7.95455 125.112 7.71549L124.163 4.84398C124.084 4.60493 124.213 4.34832 124.451 4.26949C124.69 4.19066 124.946 4.31999 125.025 4.55905L125.974 7.43056C126.053 7.66961 125.925 7.92622 125.686 8.00505Z" fill="#FFDB9D"/>
<path d="M114.574 12.2494C114.336 12.3283 114.08 12.1989 114.001 11.9599L112.711 8.05727C112.632 7.81821 112.761 7.56161 112.999 7.48278C113.238 7.40394 113.494 7.53328 113.573 7.77233L114.863 11.6749C114.941 11.9111 114.81 12.1715 114.574 12.2494Z" fill="#FFDB9D"/>
<path d="M116.209 12.4695C115.97 12.5483 115.714 12.419 115.635 12.1799L113.891 6.90347C113.812 6.66442 113.941 6.40782 114.179 6.32898C114.418 6.25015 114.674 6.37949 114.753 6.61854L116.497 11.895C116.576 12.134 116.447 12.3906 116.209 12.4695Z" fill="#FFDB9D"/>
<path d="M117.978 13.0865C117.739 13.1654 117.483 13.036 117.404 12.797L114.945 5.35757C114.866 5.11852 114.995 4.86192 115.234 4.78308C115.472 4.70425 115.728 4.83359 115.808 5.07264L118.266 12.5121C118.344 12.7482 118.217 13.0077 117.978 13.0865Z" fill="#FFDB9D"/>
<path d="M124.449 8.9861C124.21 9.06494 123.954 8.9356 123.875 8.69655L122.585 4.79395C122.506 4.55489 122.635 4.29829 122.873 4.21946C123.112 4.14062 123.368 4.26996 123.447 4.50901L124.737 8.41161C124.815 8.64779 124.684 8.90822 124.449 8.9861Z" fill="#FFDB9D"/>
<path d="M123.037 9.45273C122.799 9.53156 122.542 9.40223 122.463 9.16318L121.173 5.26057C121.094 5.02152 121.223 4.76492 121.462 4.68609C121.7 4.60725 121.957 4.73659 122.036 4.97564L123.325 8.87824C123.403 9.11441 123.276 9.3739 123.037 9.45273Z" fill="#FFDB9D"/>
<path d="M121.853 10.6045C121.614 10.6833 121.358 10.554 121.279 10.3149L119.535 5.0385C119.456 4.79945 119.585 4.54284 119.823 4.46401C120.062 4.38518 120.318 4.51451 120.397 4.75356L122.141 10.03C122.22 10.2691 122.091 10.5257 121.853 10.6045Z" fill="#FFDB9D"/>
<path d="M120.8 12.1538C120.561 12.2326 120.305 12.1033 120.226 11.8643L117.767 4.42484C117.688 4.18578 117.817 3.92918 118.055 3.85035C118.294 3.77151 118.55 3.90085 118.629 4.1399L121.088 11.5793C121.166 11.8155 121.038 12.075 120.8 12.1538Z" fill="#FFDB9D"/>
<path d="M119.843 13.9936C119.604 14.0724 119.348 13.9431 119.269 13.704L115.901 3.51404C115.822 3.27499 115.951 3.01838 116.189 2.93955C116.428 2.86072 116.684 2.99005 116.763 3.2291L120.131 13.4191C120.21 13.6581 120.081 13.9147 119.843 13.9936Z" fill="#FFDB9D"/>
<path d="M33.7263 28.0737C32.8492 26.6448 31.0785 25.9745 29.4634 26.5082C27.8369 27.0458 26.8066 28.6642 26.9787 30.3517C25.387 31.1589 24.5908 33.0418 25.161 34.767C25.7598 36.5786 27.6083 37.6193 29.4644 37.188L29.2963 36.4672C27.8166 36.8125 26.3401 35.9811 25.8622 34.5352C25.3824 33.0836 26.113 31.494 27.5223 30.9164L27.7973 30.8032L27.7442 30.5076C27.4836 29.0826 28.322 27.665 29.6957 27.211C31.0722 26.7561 32.5912 27.3977 33.2302 28.7041L33.3885 29.0287L33.7152 28.8792C33.8149 28.8335 33.9154 28.7907 34.0189 28.7565C35.5477 28.2512 37.2014 29.088 37.7068 30.6174C38.2132 32.1496 37.3801 33.8051 35.8542 34.3094L36.0864 35.0122C38.0003 34.3796 39.042 32.3038 38.408 30.3856C37.7693 28.4434 35.6489 27.3807 33.7263 28.0737Z" fill="#4A5161"/>
<path d="M33.5097 31.2666C33.4736 31.1572 33.3866 31.0677 33.2756 31.0309C33.1647 30.9941 33.043 31.012 32.9472 31.0788L29.6277 33.3899C29.4925 33.4825 29.4376 33.654 29.489 33.8095L30.8855 38.0347C30.7495 38.0285 30.6078 38.0434 30.4727 38.088C29.875 38.2856 29.5502 38.9328 29.7482 39.5319C29.9462 40.131 30.5927 40.4572 31.1905 40.2597C31.7566 40.0726 32.0717 39.4828 31.9378 38.9137L31.9493 38.9099L30.8841 35.687L33.5748 33.8169L34.1917 35.6832C34.0586 35.6761 33.9207 35.6929 33.7857 35.7376C33.1879 35.9351 32.8631 36.5824 33.0611 37.1815C33.2591 37.7805 33.9056 38.1068 34.5034 37.9092C35.1011 37.7116 35.4259 37.0644 35.2279 36.4653C35.226 36.4596 35.2212 36.4547 35.2193 36.449L33.5069 31.2676L33.5097 31.2666ZM33.3311 33.0796L30.6414 34.9526L30.273 33.8379L32.9637 31.9679L33.3311 33.0796Z" fill="#4A5161"/>
<path d="M63.2707 15.0273C63.1384 14.627 63.5416 14.0145 63.3652 13.6447C63.1831 13.2672 62.4538 13.2016 62.2256 12.8585C61.9955 12.5096 62.2266 11.8103 61.9582 11.4996C61.685 11.1842 60.962 11.3113 60.6542 11.0361C60.3427 10.7589 60.3871 10.0253 60.042 9.79118C59.6968 9.55703 59.0347 9.8685 58.6636 9.68126C58.2926 9.49401 58.1474 8.77523 57.7542 8.63682C57.3649 8.50035 56.8001 8.97133 56.3925 8.88563C55.9886 8.80185 55.6596 8.14386 55.2442 8.11183C54.8326 8.08174 54.4131 8.68362 53.9966 8.70625C53.5869 8.72987 53.0987 8.17877 52.6879 8.25705C52.2857 8.33248 52.0364 9.02506 51.637 9.15708C51.2375 9.28909 50.6256 8.88433 50.2567 9.06057C49.8801 9.24253 49.8156 9.9731 49.4734 10.2012C49.1254 10.4312 48.427 10.1988 48.1173 10.4673C47.8028 10.7406 47.9307 11.465 47.6563 11.773C47.38 12.0847 46.6477 12.0392 46.4145 12.3847C46.1812 12.7301 46.493 13.3938 46.3066 13.7653C46.1201 14.1368 45.4028 14.2812 45.2652 14.675C45.1295 15.0649 45.6004 15.6312 45.5154 16.0395C45.4323 16.4439 44.7759 16.7727 44.7445 17.1888C44.715 17.6011 45.3163 18.0221 45.3395 18.4394C45.3636 18.8499 44.8142 19.3382 44.8928 19.7499C44.9715 20.152 45.6603 20.4036 45.7926 20.8039C45.925 21.2042 45.5217 21.8167 45.6981 22.1865C45.8803 22.564 46.6096 22.6296 46.8378 22.9727C47.0678 23.3216 46.8368 24.021 47.1052 24.3316C47.3784 24.647 48.1014 24.5199 48.4091 24.7952C48.7207 25.0724 48.6763 25.8059 49.0214 26.04C49.3666 26.2742 50.0286 25.9627 50.3997 26.15C50.7708 26.3372 50.9159 27.056 51.3091 27.1944C51.6985 27.3309 52.2633 26.8599 52.6709 26.9456C53.0747 27.0294 53.4038 27.6874 53.8192 27.7194C54.2308 27.7495 54.6503 27.1476 55.0667 27.125C55.4765 27.1013 55.9647 27.6524 56.3755 27.5742C56.7768 27.4958 57.027 26.8062 57.4264 26.6741C57.8259 26.5421 58.4378 26.9469 58.8067 26.7706C59.1833 26.5887 59.2478 25.8581 59.59 25.63C59.9379 25.4 60.6364 25.6324 60.9461 25.3639C61.2606 25.0906 61.1327 24.3662 61.4071 24.0582C61.6834 23.7465 62.4156 23.792 62.6489 23.4465C62.8822 23.1011 62.5704 22.4374 62.7568 22.0659C62.9432 21.6944 63.6605 21.55 63.7982 21.1562C63.9339 20.7664 63.463 20.2 63.548 19.7917C63.6311 19.3873 64.2875 19.0585 64.3189 18.6424C64.3484 18.2301 63.747 17.8091 63.7239 17.3918C63.6998 16.9813 64.2492 16.493 64.1705 16.0813C64.0938 15.6754 63.4031 15.4277 63.2707 15.0273Z" fill="#4A5161"/>
<path d="M56.475 27.7035C56.452 27.7111 56.428 27.7159 56.4041 27.7206C56.134 27.7715 55.8691 27.6258 55.6147 27.4831C55.4235 27.377 55.2284 27.2689 55.0781 27.2771C54.922 27.2871 54.736 27.4189 54.5558 27.5487C54.3219 27.7187 54.0765 27.8924 53.8085 27.8724C53.5367 27.8504 53.3178 27.6416 53.1105 27.4386C52.9547 27.2856 52.7913 27.1287 52.6401 27.0956C52.4889 27.0626 52.2763 27.1424 52.0693 27.2204C51.7973 27.3231 51.5166 27.4286 51.2602 27.3377C51.0038 27.2467 50.8482 26.9882 50.6994 26.7403C50.5858 26.551 50.4703 26.356 50.3326 26.2865C50.1949 26.217 49.9699 26.2402 49.7506 26.2616C49.4605 26.2904 49.1608 26.3191 48.9351 26.1669C48.7095 26.0146 48.6268 25.7257 48.5469 25.4454C48.486 25.2323 48.4232 25.0135 48.3066 24.9114C48.1929 24.8084 47.968 24.7741 47.7517 24.737C47.4646 24.6881 47.1651 24.6402 46.9883 24.4334C46.8126 24.2295 46.8055 23.9284 46.8022 23.6387C46.7988 23.4162 46.7935 23.188 46.7085 23.0563C46.6255 22.9304 46.4189 22.8358 46.2237 22.7469C45.9569 22.6242 45.6805 22.5016 45.5622 22.2499C45.4468 22.0069 45.5173 21.7185 45.5877 21.4396C45.6407 21.224 45.6976 21.0007 45.6481 20.851C45.5986 20.7012 45.4199 20.5558 45.2488 20.4143C45.0261 20.2323 44.7938 20.0407 44.7455 19.7787C44.6943 19.5081 44.8394 19.243 44.9815 18.9883C45.0872 18.7968 45.1948 18.6015 45.1864 18.451C45.1762 18.2946 45.0444 18.1081 44.9155 17.9303C44.7456 17.6957 44.5718 17.4497 44.5915 17.1812C44.613 16.9089 44.8212 16.69 45.0236 16.4825C45.1761 16.3267 45.3324 16.1632 45.3653 16.0118C45.3981 15.8603 45.3181 15.6472 45.24 15.4398C45.1371 15.1671 45.0314 14.8857 45.1218 14.629C45.2123 14.3723 45.4701 14.2168 45.7174 14.068C45.9062 13.9545 46.1007 13.839 46.1699 13.7012C46.2391 13.5633 46.2156 13.3378 46.194 13.1182C46.1649 12.8275 46.1358 12.5272 46.2884 12.3042C46.4401 12.0784 46.7284 11.9959 47.0081 11.9162C47.2207 11.8555 47.4391 11.793 47.5408 11.6763C47.6434 11.5625 47.6774 11.3372 47.7141 11.1206C47.7626 10.833 47.81 10.533 48.0162 10.3563C48.2195 10.1805 48.5201 10.1738 48.8092 10.1708C49.0313 10.1677 49.2591 10.1627 49.3905 10.0778C49.516 9.99474 49.6102 9.7879 49.6987 9.59254C49.8208 9.32536 49.9428 9.0486 50.191 8.93144C50.4334 8.81617 50.7215 8.88711 50.9999 8.95801C51.2152 9.01145 51.4381 9.06875 51.5876 9.01936C51.737 8.96998 51.8819 8.7911 52.023 8.61989C52.2043 8.39702 52.3952 8.16459 52.6567 8.11652C52.9267 8.0656 53.1916 8.21127 53.4489 8.35307C53.6402 8.45918 53.8353 8.56722 53.9856 8.55908C54.1416 8.54903 54.3276 8.41728 54.5049 8.28838C54.7388 8.11843 54.9842 7.94467 55.2523 7.96471C55.5241 7.98669 55.7429 8.1955 55.9503 8.39853C56.106 8.55151 56.2694 8.70836 56.4206 8.74145C56.5718 8.77455 56.7874 8.69372 56.9914 8.6167C57.2635 8.514 57.5442 8.40845 57.8006 8.49942C58.057 8.5904 58.2125 8.84887 58.3624 9.09966C58.4759 9.28896 58.5914 9.48401 58.7291 9.55351C58.8668 9.623 59.0919 9.59975 59.3111 9.57839C59.6012 9.5496 59.9009 9.52083 60.1266 9.67309C60.3522 9.82534 60.435 10.1143 60.5149 10.3946C60.5757 10.6077 60.6385 10.8265 60.7551 10.9286C60.8688 11.0315 61.0937 11.0658 61.31 11.103C61.5971 11.1518 61.8967 11.1998 62.0734 11.4066C62.2491 11.6104 62.2562 11.9116 62.2595 12.2012C62.2629 12.4237 62.2682 12.652 62.3532 12.7837C62.4362 12.9096 62.6428 13.0042 62.838 13.0931C63.1048 13.2157 63.3813 13.3384 63.4985 13.5872C63.6139 13.8302 63.5435 14.1186 63.4731 14.3975C63.42 14.6131 63.3631 14.8364 63.4126 14.9861C63.4621 15.1359 63.6409 15.2813 63.812 15.4228C64.0347 15.6048 64.2669 15.7964 64.3153 16.0584C64.3665 16.329 64.2214 16.5941 64.0802 16.8517C63.9745 17.0431 63.8641 17.2394 63.8753 17.389C63.8855 17.5454 64.0173 17.7319 64.1471 17.9126C64.3171 18.1471 64.4909 18.3932 64.4712 18.6617C64.4496 18.9339 64.2415 19.1529 64.0391 19.3604C63.8866 19.5162 63.7303 19.6797 63.6974 19.8311C63.6646 19.9825 63.7446 20.1957 63.8227 20.4031C63.9256 20.6758 64.0313 20.9571 63.9408 21.2138C63.8504 21.4706 63.5926 21.6261 63.3424 21.7758C63.1536 21.8893 62.9591 22.0048 62.8899 22.1426C62.8207 22.2805 62.8442 22.506 62.8658 22.7256C62.8949 23.0163 62.924 23.3166 62.7724 23.5424C62.6197 23.7654 62.3324 23.8508 62.0527 23.9304C61.8401 23.9911 61.6217 24.0537 61.52 24.1704C61.4173 24.2842 61.3834 24.5095 61.3466 24.7261C61.2982 25.0136 61.2507 25.3137 61.0446 25.4904C60.8413 25.6662 60.5407 25.6729 60.2516 25.6758C60.0295 25.679 59.8045 25.683 59.6703 25.7689C59.5447 25.8519 59.4505 26.0588 59.3621 26.2541C59.24 26.5213 59.1179 26.7981 58.8669 26.9162C58.6283 27.0334 58.3364 26.9605 58.058 26.8896C57.8427 26.8362 57.6197 26.7789 57.4703 26.8283C57.3209 26.8777 57.176 27.0565 57.0349 27.2277C56.8718 27.419 56.702 27.6285 56.475 27.7035ZM54.8775 27.0079C54.935 26.9889 54.9944 26.9757 55.0566 26.9711C55.2941 26.9565 55.5322 27.0886 55.7588 27.215C55.9664 27.3317 56.1844 27.4513 56.3463 27.4202C56.5014 27.3881 56.654 27.2035 56.8036 27.0199C56.9716 26.8142 57.1472 26.6028 57.3799 26.5259C57.6127 26.449 57.8806 26.517 58.1371 26.5792C58.3629 26.6355 58.5992 26.6948 58.743 26.6281C58.8915 26.5566 58.9924 26.3316 59.0924 26.1133C59.1991 25.8767 59.3116 25.6287 59.5109 25.4989C59.7151 25.3643 59.9879 25.3604 60.2512 25.3565C60.4858 25.3524 60.7299 25.3484 60.8517 25.2443C60.9754 25.1363 61.016 24.8929 61.0538 24.6599C61.0954 24.4002 61.1381 24.1337 61.2983 23.953C61.4585 23.7722 61.72 23.6954 61.9738 23.6243C62.2008 23.5588 62.4364 23.4905 62.5267 23.3585C62.6188 23.2226 62.5925 22.9789 62.569 22.7439C62.5427 22.481 62.5174 22.2114 62.624 21.9941C62.7307 21.7767 62.9655 21.6384 63.1917 21.503C63.3939 21.3818 63.6038 21.255 63.6586 21.1026C63.7106 20.9513 63.6249 20.7208 63.542 20.499C63.4477 20.2523 63.3534 19.9959 63.4027 19.7592C63.452 19.5225 63.64 19.3293 63.8232 19.141C63.9901 18.9708 64.1608 18.793 64.1707 18.63C64.1815 18.4699 64.0392 18.2709 63.9027 18.0796C63.749 17.8653 63.5895 17.6432 63.5756 17.3986C63.5608 17.1607 63.6924 16.9223 63.8182 16.6955C63.9344 16.4877 64.0535 16.2695 64.0222 16.1073C63.9929 15.9509 63.8055 15.7987 63.622 15.6485C63.4165 15.48 63.2053 15.3039 63.1282 15.0706C63.051 14.8373 63.1186 14.569 63.1803 14.3121C63.2363 14.086 63.2951 13.8493 63.2284 13.7052C63.1568 13.5564 62.9321 13.4549 62.714 13.3545C62.4777 13.2473 62.23 13.1343 62.1002 12.9344C61.9656 12.7297 61.9613 12.4563 61.957 12.1926C61.9527 11.9576 61.9483 11.713 61.8442 11.5909C61.7363 11.4669 61.4932 11.4258 61.2607 11.3876C61.0013 11.3456 60.7352 11.3025 60.5546 11.1418C60.374 10.981 60.2969 10.719 60.2256 10.4646C60.16 10.2371 60.0915 10.001 59.9596 9.91039C59.8247 9.82076 59.5806 9.84395 59.346 9.86717C59.0836 9.89318 58.8146 9.91821 58.5975 9.81106C58.3833 9.70296 58.242 9.4685 58.1065 9.24174C57.9853 9.03899 57.8584 8.82855 57.7063 8.7734C57.5551 8.72113 57.3252 8.8067 57.1039 8.88942C56.8567 8.98069 56.6019 9.0777 56.3655 9.02802C56.1292 8.97835 55.9361 8.78976 55.7479 8.60598C55.5778 8.43856 55.4001 8.26729 55.2373 8.25717C55.0775 8.24611 54.8791 8.38836 54.6883 8.52489C54.4745 8.67861 54.2531 8.83805 54.0089 8.85165C53.7715 8.86623 53.5334 8.73408 53.3067 8.60772C53.0992 8.49101 52.8812 8.37139 52.7193 8.40251C52.5632 8.43174 52.4116 8.61922 52.2619 8.80288C52.094 9.00853 51.9194 9.22279 51.6866 9.29972C51.4538 9.37665 51.1859 9.30866 50.9285 9.24358C50.7027 9.18722 50.4664 9.12796 50.3226 9.19463C50.1741 9.26608 50.0732 9.49113 49.9732 9.70946C49.8665 9.946 49.754 10.194 49.5547 10.3238C49.3505 10.4584 49.0776 10.4623 48.8144 10.4662C48.5798 10.4703 48.3357 10.4743 48.2139 10.5784C48.0902 10.6864 48.0496 10.9299 48.0118 11.1628C47.9701 11.4226 47.9275 11.689 47.7673 11.8698C47.6071 12.0505 47.3446 12.1245 47.0918 12.1985C46.8648 12.2639 46.6291 12.3322 46.5389 12.4643C46.4496 12.5992 46.4731 12.8438 46.4966 13.0789C46.5229 13.3417 46.5482 13.6113 46.4416 13.8286C46.3349 14.046 46.1001 14.1843 45.8739 14.3198C45.6717 14.4409 45.4618 14.5678 45.4069 14.7201C45.355 14.8714 45.4407 15.1019 45.5236 15.3237C45.615 15.5714 45.7122 15.8268 45.6629 16.0635C45.6136 16.3003 45.4256 16.4934 45.2424 16.6817C45.0755 16.8519 44.9048 17.0297 44.8949 17.1927C44.8841 17.3529 45.0263 17.5518 45.1629 17.7431C45.3166 17.9575 45.4761 18.1795 45.49 18.4241C45.5048 18.662 45.3732 18.9004 45.2474 19.1273C45.1312 19.335 45.012 19.5533 45.0433 19.7155C45.0727 19.8719 45.2601 20.024 45.4436 20.1742C45.6491 20.3427 45.8603 20.5189 45.9374 20.7522C46.0145 20.9855 45.947 21.2538 45.8853 21.5106C45.8293 21.7367 45.7705 21.9734 45.8372 22.1175C45.9087 22.2664 46.1345 22.3707 46.3516 22.4682C46.5879 22.5755 46.8356 22.6885 46.9654 22.8884C47.1 23.0931 47.1043 23.3664 47.1086 23.6301C47.1129 23.8651 47.1172 24.1097 47.2214 24.2318C47.3293 24.3559 47.5724 24.3969 47.8049 24.4351C48.0643 24.4772 48.3303 24.5202 48.511 24.681C48.6916 24.8417 48.7687 25.1038 48.84 25.3581C48.9056 25.5856 48.9741 25.8218 49.106 25.9123C49.2418 26.0048 49.485 25.9788 49.7196 25.9556C49.9819 25.9295 50.251 25.9045 50.4681 26.0117C50.6852 26.1188 50.8236 26.3542 50.9591 26.581C51.0803 26.7837 51.2072 26.9942 51.3593 27.0493C51.5105 27.1016 51.7404 27.016 51.9617 26.9333C52.2079 26.8392 52.4637 26.745 52.7 26.7947C52.9364 26.8444 53.1294 27.033 53.3177 27.2167C53.4878 27.3842 53.6655 27.5554 53.8282 27.5656C53.9881 27.5766 54.1836 27.4353 54.3773 27.2978C54.5374 27.1842 54.7022 27.0658 54.8775 27.0079Z" fill="#4A5161"/>
<path d="M50.652 22.3147C50.5428 22.3508 50.4155 22.3226 50.3333 22.2283C49.9608 21.8148 49.6362 21.3534 49.37 20.8567C47.7349 17.7902 48.6916 14.078 51.4984 12.5785C54.3052 11.079 57.9176 12.3546 59.5527 15.4211C59.6462 15.5979 59.7349 15.7794 59.8111 15.9619C59.8778 16.1155 59.8057 16.2927 59.6524 16.3593C59.4953 16.4241 59.3221 16.3535 59.2554 16.1998C59.1849 16.0346 59.1048 15.8694 59.0189 15.7061C57.5422 12.9355 54.2981 11.7714 51.7836 13.1136C49.2719 14.4549 48.427 17.8011 49.9038 20.5717C50.1461 21.0251 50.442 21.448 50.7793 21.8222C50.891 21.9482 50.884 22.139 50.7584 22.2508C50.7305 22.2824 50.6922 22.3014 50.652 22.3147Z" fill="white"/>
<path d="M50.6999 22.459C50.5304 22.515 50.3419 22.4655 50.2215 22.3328C49.8393 21.9096 49.508 21.4376 49.2381 20.9294C48.431 19.4135 48.2103 17.6942 48.6249 16.094C49.0377 14.4879 50.0338 13.1907 51.43 12.4481C52.8253 11.7026 54.4539 11.5957 56.0171 12.1493C57.5765 12.7009 58.8801 13.8387 59.6872 15.3547C59.7816 15.5343 59.8722 15.7216 59.9523 15.906C60.0504 16.1355 59.9446 16.4037 59.7128 16.5027C59.4752 16.6036 59.2159 16.4944 59.1168 16.262C59.0482 16.1026 58.9719 15.9393 58.888 15.7817C57.4523 13.087 54.2972 11.951 51.8583 13.2522C49.4195 14.5534 48.6045 17.8067 50.0411 20.5043C50.2777 20.95 50.566 21.3595 50.8975 21.726C51.0647 21.9135 51.0508 22.1993 50.8676 22.3684C50.8168 22.4076 50.7603 22.439 50.6999 22.459ZM52.3865 12.362C52.1078 12.4541 51.8338 12.5703 51.5712 12.7113C50.2517 13.4158 49.3093 14.6442 48.9168 16.1668C48.5233 17.6962 48.7337 19.3358 49.5054 20.7836C49.7649 21.2697 50.0809 21.7243 50.4468 22.1273C50.5013 22.186 50.5999 22.1949 50.6603 22.1366C50.7217 22.0812 50.7276 21.9834 50.6693 21.9228C50.3225 21.539 50.0199 21.1055 49.7709 20.6415C48.2541 17.7979 49.126 14.3597 51.7105 12.9784C54.2959 11.6 57.6347 12.7903 59.1486 15.6349C59.2383 15.8001 59.3174 15.972 59.3889 16.1401C59.4213 16.2188 59.5084 16.2508 59.5908 16.2203C59.6272 16.2051 59.6559 16.1764 59.6685 16.1372C59.6848 16.0998 59.6839 16.0586 59.6687 16.0221C59.5943 15.8454 59.5066 15.6667 59.415 15.4957C58.6423 14.0451 57.397 12.9583 55.9103 12.4338C54.7288 12.0128 53.5044 11.9925 52.3865 12.362Z" fill="#263238"/>
<path d="M83.6244 57.4C83.6244 57.4 94.3524 50.6724 96.8482 46.0138C96.8482 46.0138 97.6022 51.8347 100.471 54.0813C103.34 56.328 113.502 61.4224 115.352 62.514C117.201 63.6056 120.904 66.3881 121.637 66.0404C122.373 65.6918 123.337 61.5394 123.688 60.3562C124.041 59.1758 125.006 58.1796 124.66 56.4858C124.313 54.7891 123.321 55.0113 123.098 55.6186C122.875 56.2259 121.391 58.3808 120.273 59.1752C119.155 59.9695 117.956 60.8642 117.956 60.8642C117.956 60.8642 113.574 57.7314 109.688 53.69C105.802 49.6486 100.431 41.4211 99.0626 39.8477C97.6928 38.2782 96.3529 38.082 94.916 38.5569C93.4792 39.0318 88.8812 40.5515 82.0084 46.7621C75.1356 52.9727 76.5653 56.3339 77.7457 57.3303C78.9242 58.3305 81.1903 58.754 83.6244 57.4Z" fill="#4592D0"/>
<path d="M121.66 66.1986C121.062 66.3961 119.49 65.4013 117.181 63.8739C116.471 63.4026 115.798 62.9574 115.276 62.6507C114.754 62.3441 113.567 61.714 112.063 60.917C108.234 58.8888 102.446 55.8243 100.381 54.2065C97.9218 52.2815 97.0044 47.8756 96.7658 46.4689C93.9445 51.0785 84.1309 57.2643 83.7063 57.5325C83.7034 57.5334 83.7005 57.5344 83.6986 57.5382C81.2175 58.9141 78.8738 58.4875 77.6495 57.4545C77.3446 57.1974 76.6347 56.4481 76.6086 55.0382C76.5801 53.4279 77.4775 50.665 81.9097 46.6571C88.8065 40.4225 93.37 38.9143 94.8701 38.4185C96.534 37.8686 97.905 38.294 99.1784 39.7549C99.6398 40.2829 100.538 41.5449 101.678 43.1425C104.014 46.4184 107.213 50.9007 109.799 53.5923C113.326 57.2633 117.314 60.2137 117.956 60.6818C118.255 60.4584 119.254 59.7193 120.186 59.0567C121.282 58.2758 122.748 56.1332 122.957 55.569C123.085 55.2232 123.41 55.0008 123.75 55.0259C123.985 55.0439 124.557 55.2193 124.811 56.4611C125.064 57.7001 124.655 58.5638 124.257 59.3949C124.093 59.7397 123.939 60.0624 123.835 60.4063C123.769 60.6296 123.678 60.963 123.572 61.3559C122.934 63.736 122.309 65.8947 121.702 66.1814C121.689 66.1891 121.674 66.1938 121.66 66.1986ZM96.8013 45.8725C96.8243 45.8649 96.8521 45.8621 96.876 45.867C96.9401 45.8778 96.9898 45.9316 96.9983 45.9959C97.0049 46.0544 97.7791 51.7823 100.563 53.9644C102.606 55.5668 108.379 58.6236 112.201 60.648C113.708 61.4469 114.902 62.0779 115.428 62.3894C115.955 62.7009 116.632 63.148 117.346 63.6212C118.851 64.6158 121.13 66.1182 121.574 65.9077C122.105 65.6553 122.9 62.6963 123.281 61.2763C123.389 60.8796 123.479 60.5433 123.546 60.32C123.654 59.955 123.823 59.6055 123.982 59.2684C124.359 58.4794 124.746 57.6645 124.513 56.5244C124.364 55.8037 124.07 55.3578 123.726 55.3308C123.523 55.3148 123.322 55.458 123.241 55.6764C123.017 56.2808 121.521 58.4779 120.363 59.3047C119.259 60.0914 118.062 60.9823 118.049 60.9928C117.996 61.033 117.926 61.0337 117.871 60.9942C117.826 60.9643 113.432 57.8065 109.581 53.8017C106.978 51.0965 103.774 46.5999 101.431 43.3201C100.297 41.7302 99.4001 40.4739 98.9483 39.9555C97.7475 38.5793 96.52 38.1927 94.9624 38.7075C93.4767 39.1985 88.9592 40.6916 82.1084 46.8821C77.7586 50.8116 76.8786 53.4826 76.9063 55.0325C76.9288 56.3157 77.5661 56.99 77.8404 57.222C78.9855 58.1886 81.1894 58.5783 83.544 57.273C83.7865 57.1194 94.2787 50.4888 96.7141 45.9461C96.7343 45.9107 96.7669 45.8839 96.8013 45.8725ZM83.6251 57.4027L83.628 57.4018L83.6251 57.4027Z" fill="#263238"/>
<path d="M124.662 56.4882C124.314 54.7915 123.323 55.0137 123.1 55.621C122.877 56.2283 121.393 58.3833 120.275 59.1776C119.157 59.9719 117.958 60.8667 117.958 60.8667C117.958 60.8667 114.544 58.4264 111.071 55.0759C110.576 57.0125 109.542 58.2617 108.745 58.9755C111.711 60.5704 114.474 61.9957 115.354 62.5164C117.203 63.608 120.906 66.3906 121.639 66.0429C122.374 65.6942 123.339 61.5419 123.69 60.3586C124.046 59.1773 125.012 58.1839 124.662 56.4882Z" fill="#FEDEA5"/>
<path d="M121.66 66.1983C121.063 66.3958 119.491 65.401 117.181 63.8735C116.471 63.4023 115.798 62.9571 115.276 62.6504C114.754 62.3438 113.563 61.7118 112.056 60.9128C111.035 60.3715 109.87 59.7569 108.674 59.1105C108.631 59.0864 108.602 59.045 108.595 58.9961C108.588 58.9472 108.608 58.8993 108.644 58.8649C109.413 58.173 110.437 56.9497 110.925 55.0409C110.939 54.9882 110.98 54.949 111.029 54.9329C111.082 54.9186 111.138 54.9322 111.176 54.9707C114.292 57.9758 117.394 60.2731 117.953 60.6825C118.252 60.459 119.251 59.7199 120.183 59.0574C121.28 58.2764 122.746 56.1339 122.954 55.5697C123.082 55.2239 123.407 55.0015 123.747 55.0265C123.983 55.0445 124.554 55.22 124.808 56.4618C125.061 57.7007 124.652 58.5644 124.254 59.3956C124.091 59.7403 123.936 60.063 123.833 60.407C123.766 60.6302 123.676 60.9636 123.57 61.3565C122.931 63.7367 122.306 65.8954 121.7 66.1821C121.689 66.1888 121.675 66.1935 121.66 66.1983ZM109.005 58.9437C110.136 59.5506 111.23 60.1314 112.199 60.6419C113.71 61.4427 114.904 62.0738 115.43 62.3852C115.957 62.6967 116.634 63.1439 117.349 63.6171C118.854 64.6116 121.132 66.1141 121.576 65.9036C122.107 65.6511 122.902 62.6922 123.284 61.2721C123.392 60.8755 123.481 60.5391 123.548 60.3159C123.657 59.9509 123.825 59.6013 123.984 59.2643C124.361 58.4753 124.748 57.6604 124.515 56.5203C124.366 55.7996 124.072 55.3536 123.728 55.3266C123.525 55.3106 123.324 55.4538 123.243 55.6722C123.019 56.2767 121.524 58.4738 120.366 59.3006C119.261 60.0873 118.064 60.9782 118.051 60.9887C117.998 61.0288 117.928 61.0295 117.873 60.99C117.84 60.966 114.534 58.5923 111.155 55.361C110.656 57.0818 109.747 58.2383 109.005 58.9437Z" fill="#263238"/>
<path d="M56.8341 25.547C56.8341 25.547 58.9553 27.7308 59.375 28.5281C59.7947 29.3255 58.9747 30.1428 58.0613 30.6779C57.148 31.213 55.4192 31.1614 54.4566 33.4283C53.4941 35.6952 52.2395 44.6111 52.0713 45.9925C51.906 47.373 52.7919 48.1728 54.2418 47.3805C55.6917 46.5882 58.0175 39.7367 58.0175 39.7367C58.0175 39.7367 65.207 44.3028 66.2799 45.4273C67.3538 46.5548 67.8846 48.8744 68.5139 51.2414C69.1403 53.6094 69.9044 57.0979 72.9142 59.1446C75.924 61.1912 80.5999 60.5052 83.6212 57.3981C86.6407 54.2948 88.4141 46.4374 85.7758 44.3479C83.1395 42.2544 78.7636 42.2375 76.7343 40.1C74.705 37.9625 74.6562 36.426 73.7966 33.8252C72.937 31.2244 71.2543 28.0619 71.2543 28.0619C71.2543 28.0619 76.8132 24.6273 83.488 21.3574C85.8088 20.2198 83.3766 17.963 81.7886 17.8649C79.7967 17.7405 72.2763 21.1333 70.086 21.6336C66.9245 22.359 65.5716 23.5122 65.0332 24.2365C64.4947 24.9607 63.816 25.9645 63.0201 26.1509C62.2243 26.3373 60.1296 22.8157 60.1296 22.8157C60.1296 22.8157 58.6566 25.1778 56.8341 25.547Z" fill="#F37630"/>
<path d="M79.7731 59.9822C77.362 60.7791 74.7681 60.5885 72.831 59.2703C69.9407 57.3056 69.0939 54.0585 68.4751 51.6848L68.2071 50.6616C67.652 48.5384 67.1254 46.5305 66.1738 45.5319C65.2155 44.5228 59.1735 40.651 58.1026 39.9666C57.7137 41.0855 55.6831 46.766 54.3166 47.5116C53.595 47.9034 52.9439 47.9493 52.4869 47.6371C52.0385 47.3316 51.8319 46.7258 51.9233 45.9704C52.0682 44.7596 53.3356 35.6798 54.3173 33.3649C55.0626 31.6075 56.2437 31.198 57.1902 30.8692C57.4881 30.7675 57.7649 30.6697 57.9844 30.5428C58.3927 30.3025 59.6905 29.455 59.2402 28.5943C58.8367 27.8267 56.7462 25.6679 56.7232 25.6468C56.685 25.6083 56.6717 25.5488 56.6862 25.4961C56.7035 25.4424 56.7448 25.4032 56.8013 25.3909C58.5395 25.0369 59.9874 22.7533 60.0028 22.7323C60.0296 22.6882 60.0814 22.6616 60.1321 22.6608C60.1838 22.6628 60.2336 22.6879 60.2612 22.7331C61.2633 24.4146 62.5582 26.0952 62.9882 25.9978C63.6606 25.8427 64.2787 25.0026 64.7768 24.33L64.915 24.1406C65.4121 23.4747 66.7384 22.2409 70.0541 21.4805C70.8749 21.2923 72.5063 20.6732 74.2336 20.0161C77.1852 18.8968 80.5306 17.6282 81.7989 17.7042C82.8662 17.77 84.3548 18.7827 84.5701 19.8681C84.663 20.3325 84.5622 20.992 83.5551 21.4846C77.4974 24.4515 72.3009 27.5938 71.4546 28.1099C71.7761 28.7257 73.1829 31.4779 73.9406 33.7705C74.1291 34.3407 74.2756 34.8514 74.4192 35.3438C74.9214 37.0851 75.2838 38.3455 76.8469 39.9886C77.8787 41.0756 79.5377 41.6007 81.2933 42.1578C82.9141 42.6732 84.5874 43.2032 85.8712 44.2229C86.6397 44.8315 87.0971 45.9455 87.1939 47.4438C87.4106 50.8001 85.858 55.3131 83.7305 57.4986C82.6035 58.6698 81.2215 59.5035 79.7731 59.9822ZM57.9731 39.5941C58.0162 39.5798 58.0631 39.5867 58.1023 39.6089C58.3968 39.7959 65.3186 44.198 66.3925 45.3255C67.3985 46.3827 67.9337 48.4262 68.4992 50.5906L68.7672 51.6138C69.3736 53.9404 70.2053 57.1223 73.0009 59.0225C75.982 61.0499 80.6016 60.2898 83.5146 57.2984C85.5566 55.2018 87.1016 50.7042 86.8923 47.4764C86.7992 46.0663 86.3828 45.0282 85.6831 44.4736C84.4433 43.4904 82.7948 42.9682 81.2028 42.4625C79.4079 41.8928 77.7126 41.3541 76.6272 40.2113C75.0145 38.5144 74.6235 37.158 74.129 35.4398C73.9863 34.9502 73.8408 34.4424 73.6542 33.8779C72.808 31.3175 71.1395 28.1693 71.1233 28.1396C71.0871 28.0685 71.1093 27.9813 71.1783 27.9393C71.2339 27.905 76.8196 24.4647 83.4254 21.2272C84.0952 20.9004 84.3823 20.4668 84.2789 19.9419C84.0902 18.9948 82.7268 18.0812 81.7858 18.0216C80.5817 17.9468 77.1233 19.2591 74.3451 20.3147C72.5325 21.0032 70.9662 21.5975 70.1243 21.7895C66.9006 22.5291 65.6309 23.7027 65.1578 24.3351L65.0186 24.5216C64.4927 25.2354 63.8391 26.1223 63.0575 26.3039C62.2732 26.4865 60.6686 23.9946 60.1256 23.1038C59.7397 23.6626 58.5746 25.201 57.1206 25.6336C57.648 26.1877 59.1508 27.7836 59.5057 28.4618C59.8939 29.2025 59.3839 30.0803 58.1342 30.8128C57.8908 30.9539 57.5967 31.0575 57.2882 31.1659C56.3954 31.4737 55.2861 31.8595 54.5928 33.4943C53.6235 35.7795 52.3659 44.8114 52.219 46.0164C52.1422 46.652 52.2992 47.156 52.652 47.394C53.0134 47.6388 53.5515 47.5887 54.1677 47.2541C55.2755 46.6515 57.0744 42.0444 57.8724 39.6945C57.8936 39.6427 57.9271 39.6093 57.9731 39.5941Z" fill="#263238"/>
<path d="M73.3828 20.5081C73.1874 20.5822 72.9948 20.6555 72.8071 20.7239C73.1705 21.9584 73.9929 23.9165 75.7573 25.4355C75.9403 25.3335 76.131 25.2257 76.3217 25.118C74.5534 23.6737 73.7358 21.7013 73.3828 20.5081Z" fill="#263238"/>
<path d="M75.9389 39.1512C75.8138 38.9849 75.6983 38.8186 75.5933 38.6552C71.5652 41.06 68.8196 45.0982 67.4404 47.5125C67.5318 47.7602 67.6165 48.0165 67.7022 48.2853C68.9405 46.0135 71.7268 41.6455 75.9389 39.1512Z" fill="#263238"/>
<path d="M65.4621 44.7385C65.6494 44.881 65.8177 45.0139 65.9544 45.1285C66.8268 43.4184 69.213 39.5948 74.4553 36.0028C74.3954 35.8022 74.3354 35.592 74.2755 35.3818C68.8771 39.0125 66.4114 42.8848 65.4621 44.7385Z" fill="#263238"/>
<path d="M58.0165 36.551C59.0111 36.0977 63.6834 33.7229 69.3055 26.7372C70.2286 27.6493 71.0076 28.2512 71.0765 28.3051C71.1577 28.3677 71.2649 28.3834 71.3569 28.353C71.3712 28.3483 71.3875 28.3397 71.4009 28.3321C71.3132 28.163 71.2617 28.065 71.2617 28.065C71.2617 28.065 71.3518 28.0097 71.5185 27.9066C71.4985 27.8749 71.4765 27.847 71.4459 27.822C71.4115 27.795 68.169 25.295 67.0625 22.68C66.8708 22.7752 66.6897 22.8734 66.5278 22.9717C66.7499 23.4797 67.0399 23.9813 67.3693 24.4571C63.2708 30.1885 58.1989 32.7625 56.8057 33.389C56.4146 32.6877 56.0202 32.1407 55.7088 31.758C55.5535 31.8765 55.4001 32.0102 55.2524 32.1709C55.5198 32.5074 55.8578 32.9803 56.1984 33.577C55.7213 33.281 55.1961 33.0904 54.6832 32.966C54.6063 33.1096 54.5285 33.2599 54.4593 33.4266C54.4449 33.4601 54.4314 33.4965 54.417 33.53C55.3729 33.7412 56.383 34.2029 56.9527 35.1743C57.1527 35.6928 57.3288 36.264 57.4607 36.8849C56.7975 36.2287 55.6273 35.4174 53.8783 35.3821C53.833 35.5728 53.7876 35.7731 53.7432 35.9762C56.3979 35.955 57.543 37.896 57.6098 38.0113C57.6232 38.0324 57.6384 38.0497 57.6566 38.0661C57.6933 38.399 57.7166 38.7395 57.7226 39.0953C56.954 38.5347 55.3752 37.6444 53.3586 37.8604C53.3209 38.0646 53.2803 38.2697 53.2436 38.4767C55.6107 38.1257 57.3122 39.493 57.7174 39.8606C57.7111 40.1215 57.7087 40.3746 57.7054 40.6249C57.9046 40.0799 58.022 39.7312 58.022 39.7312C58.022 39.7312 58.131 39.8006 58.3204 39.9201C58.3224 39.8587 58.3225 39.8012 58.3245 39.7398C58.3612 38.568 58.2349 37.5012 58.0165 36.551ZM67.7379 24.9742C68.1027 25.4511 68.4924 25.8973 68.8774 26.3004C63.5346 32.9542 58.9712 35.4176 57.8597 35.9511C57.7808 35.6737 57.6932 35.4087 57.6027 35.1543C57.5999 35.1169 57.5895 35.0756 57.5714 35.0401C57.5637 35.0266 57.5561 35.0132 57.5475 34.9968C57.4018 34.6137 57.2454 34.2565 57.0833 33.9299C58.5732 33.249 63.6212 30.6509 67.7379 24.9742Z" fill="#263238"/>
<path d="M78.2593 41.1857C78.0556 41.0805 77.8605 40.9724 77.674 40.852C73.1458 43.9331 70.1388 48.0866 68.4427 50.9602C68.4674 51.0542 68.4922 51.1483 68.5169 51.2424C68.5625 51.419 68.611 51.6042 68.6594 51.7895C70.2798 48.9281 73.3891 44.4086 78.2593 41.1857Z" fill="#263238"/>
<path d="M73.5906 33.2216C73.522 33.0334 73.4496 32.8433 73.3772 32.6532C66.1327 35.482 63.7492 40.4709 62.9834 42.9859C63.1602 43.1063 63.3333 43.2248 63.5054 43.3405C64.1607 41.0313 66.37 36.0457 73.5906 33.2216Z" fill="#263238"/>
<path d="M77.1669 19.0909C76.9705 19.1622 76.7741 19.2335 76.5749 19.3058C76.8099 20.5859 77.3706 22.2727 78.6629 23.8391C78.844 23.7409 79.0289 23.6446 79.2158 23.5445C77.9253 22.0127 77.3876 20.3278 77.1669 19.0909Z" fill="#263238"/>
<path d="M69.3218 21.831C70.018 23.2238 71.2481 25.2868 73.0725 26.9777C73.246 26.8756 73.43 26.7669 73.6226 26.6553C71.8555 25.0605 70.6339 23.0522 69.9262 21.6727C69.7203 21.7248 69.5172 21.776 69.3218 21.831Z" fill="#263238"/>
<path d="M72.3009 30.1686C72.2112 29.9746 72.1226 29.7931 72.0396 29.6192C64.0217 33.3874 61.0026 38.3243 59.9159 40.9581C60.087 41.0709 60.2648 41.1846 60.4484 41.3061C61.4774 38.8159 64.4171 33.8892 72.3009 30.1686Z" fill="#263238"/>
<path d="M83.6249 57.3999C86.1236 54.833 87.7668 49.0121 86.7655 45.8959C86.5512 45.315 86.2391 44.8335 85.8185 44.4965C85.4629 44.2115 85.0777 43.9235 84.6752 43.6316C83.3803 42.9351 81.8656 42.5188 80.4497 42.0539C74.9012 46.5425 71.4149 53.0364 69.9588 55.5942C70.6006 56.9188 71.5115 58.1895 72.9179 59.1464C75.9277 61.193 80.6035 60.507 83.6249 57.3999Z" fill="#4592D0"/>
<path d="M79.7729 59.9824C77.3619 60.7792 74.7679 60.5887 72.8309 59.2705C71.565 58.411 70.5783 57.2291 69.8202 55.6587C69.7992 55.6145 69.8003 55.5598 69.8243 55.5168L70.0961 55.0372C71.7213 52.1615 75.1004 46.1823 80.3526 41.9353C80.3928 41.9028 80.4436 41.8925 80.4943 41.9108C80.7555 41.997 81.0186 42.0794 81.2855 42.1637C82.4614 42.5386 83.6793 42.9252 84.7456 43.4992C85.2064 43.8325 85.5831 44.1138 85.91 44.3795C86.3354 44.7214 86.6705 45.2144 86.9038 45.8433C87.9108 48.9768 86.3067 54.8582 83.7304 57.5083C82.6033 58.6699 81.2213 59.5037 79.7729 59.9824ZM70.1286 55.5983C70.8581 57.0824 71.799 58.2026 73.0027 59.0188C75.9838 61.0462 80.6033 60.2862 83.5163 57.2947C86.0313 54.7096 87.5968 48.9816 86.6203 45.9402C86.4088 45.368 86.1052 44.922 85.7229 44.6139C85.3979 44.3539 85.0279 44.0736 84.5872 43.7529C83.5601 43.201 82.3594 42.8183 81.195 42.4492C80.9558 42.3717 80.7176 42.2971 80.4813 42.2186C75.3115 46.4256 71.9708 52.3378 70.3639 55.1819L70.1286 55.5983Z" fill="#4592D0"/>
<path d="M50.6699 21.1332C50.5482 21.1798 50.4351 21.2427 50.3316 21.3248C49.4917 21.9762 49.5808 23.4994 50.532 24.7281C51.4803 25.9578 52.9297 26.4276 53.7705 25.7791C53.9479 25.6406 54.0813 25.4655 54.1764 25.2616L50.6699 21.1332Z" fill="white"/>
<path d="M53.4081 26.1392C53.0374 26.2618 52.6037 26.2517 52.1435 26.1035C51.5044 25.8962 50.8888 25.4416 50.4094 24.8205C49.9309 24.2023 49.6479 23.4908 49.6071 22.8174C49.5653 22.122 49.7904 21.5492 50.2372 21.2035C50.3512 21.1146 50.4777 21.0441 50.6138 20.9927C50.6741 20.9728 50.7421 20.9855 50.7841 21.0355L54.2868 25.1619C54.3241 25.2071 54.3326 25.2714 54.3085 25.3241C54.198 25.5587 54.0483 25.7519 53.8604 25.8971C53.7233 26.0031 53.5719 26.0851 53.4081 26.1392ZM50.6285 21.3169C50.5547 21.3541 50.4886 21.3951 50.4253 21.4448C50.06 21.7284 49.8782 22.2102 49.9135 22.7992C49.9496 23.4102 50.2136 24.0642 50.6538 24.6343C51.0941 25.2044 51.66 25.6244 52.2417 25.8123C52.8052 25.9934 53.3166 25.9395 53.679 25.6568C53.8055 25.5574 53.9139 25.4321 53.9975 25.2799L50.6285 21.3169Z" fill="#263238"/>
<path d="M50.6699 21.1336C50.5483 21.1802 50.4352 21.2431 50.3316 21.3253C50.2348 21.3988 50.1523 21.4868 50.0822 21.5834L53.7188 25.8158C53.737 25.8034 53.7562 25.7939 53.7734 25.7786C53.9508 25.6401 54.0842 25.465 54.1793 25.2611L50.6699 21.1336Z" fill="white"/>
<path d="M53.7773 25.9461C53.717 25.966 53.6385 25.96 53.6003 25.9119L49.9637 21.6795C49.9169 21.6247 49.9133 21.5461 49.9584 21.4896C50.0428 21.3787 50.1349 21.2811 50.2365 21.2028C50.3506 21.114 50.4771 21.0434 50.6131 20.9921C50.6735 20.9721 50.7414 20.9848 50.7835 21.0348L54.2862 25.1613C54.3234 25.2065 54.3319 25.2708 54.3079 25.3235C54.1974 25.5581 54.0477 25.7513 53.8598 25.8965C53.8444 25.9079 53.831 25.9156 53.8157 25.927C53.8022 25.9346 53.7917 25.9413 53.7773 25.9461ZM50.2779 21.5789L53.7349 25.6055C53.8404 25.5099 53.9239 25.4057 53.9911 25.2812L50.625 21.3172C50.5512 21.3544 50.4851 21.3954 50.4218 21.4451C50.371 21.4843 50.3221 21.5292 50.2779 21.5789Z" fill="#263238"/>
<path d="M58.3727 15.3775C58.4495 15.2723 58.5387 15.1757 58.6432 15.0964C59.4831 14.4451 60.9325 14.9149 61.8808 16.1445C62.832 17.3732 62.921 18.8964 62.0841 19.5469C61.9067 19.6853 61.7017 19.7691 61.4824 19.8096L58.3727 15.3775Z" fill="white"/>
<path d="M61.7294 19.9032C61.6575 19.9269 61.5838 19.9449 61.5062 19.9609C61.4487 19.9704 61.3904 19.9481 61.3551 19.8991L58.2454 15.467C58.2091 15.4151 58.2083 15.3451 58.2448 15.2915C58.3292 15.1709 58.4319 15.0667 58.546 14.9779C59.45 14.2798 60.9981 14.7585 61.997 16.0545C62.4754 16.6727 62.7613 17.3833 62.7993 18.0576C62.8411 18.753 62.6188 19.3249 62.1721 19.6706C62.0426 19.7709 61.896 19.8481 61.7294 19.9032ZM61.5441 19.6417C61.7117 19.5991 61.8603 19.5276 61.9868 19.4283C62.3521 19.1447 62.5339 18.6629 62.4987 18.0739C62.4615 17.46 62.1985 16.8089 61.7583 16.2388C60.8615 15.0784 59.502 14.6204 58.7303 15.2173C58.667 15.267 58.6085 15.3214 58.5557 15.3836L61.5441 19.6417Z" fill="#263238"/>
<path d="M61.7295 19.9035C61.6577 19.9273 61.5839 19.9453 61.5063 19.9613C61.4489 19.9707 61.3905 19.9485 61.3552 19.8995L58.2456 15.4674C58.2093 15.4155 58.2085 15.3455 58.2449 15.2919C58.3294 15.1713 58.432 15.0671 58.5461 14.9783C58.6477 14.9 58.7627 14.8332 58.8921 14.7809C58.9591 14.7523 59.0338 14.7756 59.0758 14.8352L62.2522 19.4209C62.2961 19.4863 62.2863 19.5725 62.2259 19.6213C62.1991 19.6461 62.1876 19.6595 62.1713 19.6681C62.0428 19.7712 61.8962 19.8484 61.7295 19.9035ZM61.5443 19.6421C61.686 19.608 61.8106 19.5509 61.9227 19.4755L58.8991 15.1108C58.8397 15.1432 58.7812 15.1785 58.7304 15.2177C58.6672 15.2673 58.6087 15.3218 58.5559 15.384L61.5443 19.6421Z" fill="#263238"/>
<path d="M64.3476 25.1435C63.9532 25.6189 63.5111 26.0366 63.0256 26.1491C62.2297 26.3355 60.135 22.8139 60.135 22.8139C60.135 22.8139 58.6582 25.1741 56.8357 25.5432C56.8357 25.5432 58.9569 27.7271 59.3766 28.5244C59.7171 29.169 59.243 29.8273 58.5671 30.3382C59.2881 31.2948 61.2926 33.367 64.1402 31.5856C66.6293 30.0314 65.3686 26.921 64.3476 25.1435Z" fill="#FEDEA5"/>
<path d="M63.112 32.2471C60.7527 33.0269 59.0997 31.3049 58.4418 30.4329C58.4179 30.3993 58.4084 30.3609 58.4114 30.3216C58.4172 30.2813 58.4374 30.2459 58.4709 30.222C58.9042 29.8935 59.5804 29.2484 59.2379 28.598C58.8344 27.8304 56.7439 25.6717 56.7209 25.6505C56.6827 25.612 56.6694 25.5525 56.6839 25.4998C56.7012 25.4461 56.7424 25.407 56.7989 25.3947C58.5371 25.0406 59.9851 22.757 60.0004 22.736C60.0273 22.692 60.0791 22.6653 60.1298 22.6645C60.1815 22.6666 60.2312 22.6917 60.2589 22.7368C61.2609 24.4183 62.5559 26.0989 62.9859 26.0015C63.3613 25.9126 63.7582 25.6089 64.2255 25.0455C64.2572 25.0063 64.3051 24.9873 64.3539 24.9903C64.4027 24.9933 64.4477 25.0232 64.4715 25.0664C65.4944 26.8497 66.8238 30.0811 64.2111 31.7145C63.8325 31.9579 63.4655 32.1303 63.112 32.2471ZM58.777 30.3669C59.5468 31.3361 61.4332 33.0991 64.0565 31.4589C66.3682 30.0144 65.2727 27.1242 64.3225 25.4064C64.0049 25.7669 63.5647 26.1808 63.0581 26.2971C62.2737 26.4797 60.6692 23.9878 60.1261 23.097C59.7402 23.6558 58.5751 25.1942 57.1211 25.6268C57.6485 26.1809 59.1514 27.7768 59.5062 28.455C59.8229 29.0564 59.5613 29.7307 58.777 30.3669Z" fill="#FEDEA5"/>
<path d="M61.4636 24.7993C61.1342 24.3619 60.8182 23.8977 60.5776 23.5267C60.4114 23.3229 60.2472 23.1056 60.0858 22.8874C59.8324 23.2683 58.476 25.2117 56.8298 25.5449C56.8298 25.5449 57.5463 26.2857 58.2294 27.0599C58.9742 27.0374 59.9797 26.8776 60.6012 26.2409C60.9945 25.8393 61.2693 25.3108 61.4636 24.7993Z" fill="#263238"/>
<path d="M59.6381 26.9834C59.1611 27.1411 58.6565 27.196 58.2371 27.21C58.1931 27.2118 58.1481 27.1915 58.1185 27.1598C57.4451 26.3952 56.7294 25.6573 56.7237 25.6496C56.6855 25.6111 56.6722 25.5516 56.6866 25.4989C56.704 25.4453 56.7452 25.4061 56.8017 25.3938C58.3857 25.0747 59.7094 23.1772 59.961 22.8002C59.9888 22.759 60.0348 22.7343 60.0855 22.7335C60.1363 22.7327 60.1822 22.7558 60.2108 22.7943C60.3798 23.0259 60.5431 23.2403 60.6969 23.4259C61.0081 23.9045 61.3117 24.3409 61.5839 24.7014C61.6163 24.7418 61.622 24.7974 61.6066 24.8473C61.368 25.4756 61.0683 25.9772 60.7163 26.3395C60.4142 26.6502 60.0347 26.8523 59.6381 26.9834ZM58.299 26.9052C59.0036 26.8768 59.9287 26.7148 60.4956 26.1345C60.8044 25.8152 61.0733 25.3749 61.2897 24.8242C60.9593 24.3839 60.651 23.9235 60.4486 23.6102C60.3378 23.4775 60.2156 23.3198 60.0895 23.1506C59.6749 23.7382 58.5329 25.2114 57.1191 25.6307C57.3704 25.8895 57.8414 26.3888 58.299 26.9052Z" fill="#263238"/>
<path d="M50.5327 20.1403C50.5327 20.1403 52.91 24.0349 53.9824 24.9264C55.0558 25.8208 58.0226 26.3194 59.2618 26.0664C60.5011 25.8133 60.8548 24.0575 61.1609 22.6305C61.4671 21.2035 61.3513 20.1492 60.5614 18.6947C59.7686 17.2411 58.0447 15.0825 56.9018 13.9779C56.1612 13.261 53.7262 13.0787 51.9233 14.2208C50.1204 15.363 49.4386 18.0067 50.5327 20.1403Z" fill="#FEDEA5"/>
<path d="M59.4715 26.1696C59.414 26.1886 59.3555 26.2048 59.2923 26.2161C57.9516 26.4899 54.9773 25.949 53.8876 25.044C52.8066 24.1457 50.5037 20.3799 50.4063 20.2204C50.4054 20.2175 50.4015 20.2156 50.3996 20.2098C49.2894 18.0465 49.9379 15.3019 51.8433 14.0939C53.7334 12.8974 56.2392 13.1299 57.0075 13.8727C58.1265 14.9533 59.8762 17.1225 60.6957 18.6279C61.4723 20.0517 61.6368 21.1475 61.3103 22.6674L61.292 22.747C61.0013 24.105 60.6411 25.7831 59.4715 26.1696ZM50.6641 20.0649C50.7605 20.2215 53.053 23.9557 54.0776 24.8087C55.085 25.6482 57.9627 26.1763 59.2288 25.9176C60.3464 25.692 60.7056 24.0206 60.9954 22.6789L61.0137 22.5993C61.3285 21.1407 61.1753 20.1371 60.4293 18.7671C59.6241 17.2857 57.8992 15.153 56.7974 14.0859C56.1142 13.4268 53.748 13.2408 52.0065 14.3467C50.2276 15.4745 49.6273 18.0371 50.6641 20.0649Z" fill="#263238"/>
<path d="M55.7896 21.2142C55.781 21.2171 55.7724 21.2199 55.7628 21.2199C55.6805 21.2311 55.6049 21.1762 55.5907 21.0947C55.5888 21.0793 55.534 20.7109 55.7921 20.4019C56.0051 20.1494 56.3567 20.0173 56.8354 20.0092C56.9177 20.0076 56.9875 20.074 56.9902 20.1593C56.9919 20.2418 56.9229 20.3126 56.8405 20.3142C56.4538 20.3206 56.1788 20.4147 56.0253 20.5964C55.8555 20.7963 55.8876 21.0477 55.8885 21.0506C55.9028 21.1225 55.8586 21.1914 55.7896 21.2142Z" fill="#263238"/>
<path d="M56.771 22.7454C56.087 22.9714 55.4889 22.8592 55.4746 22.8544C55.3923 22.8369 55.3407 22.7581 55.3552 22.6766C55.3726 22.5942 55.4512 22.5426 55.5325 22.5573C55.6215 22.5758 57.7327 22.9643 58.3273 20.3653C58.3446 20.2829 58.4271 20.2333 58.5094 20.2508C58.5917 20.2683 58.6413 20.351 58.6239 20.4334C58.2889 21.9083 57.4837 22.5099 56.771 22.7454Z" fill="#263238"/>
<path d="M53.634 21.789C53.3093 21.8964 53.0662 21.8553 53.0461 21.8524C52.8834 21.8231 52.7736 21.6645 52.8017 21.4987C52.8307 21.3357 52.986 21.2269 53.1477 21.2533C53.1851 21.2601 53.8551 21.3294 54.3693 20.2138C54.4405 20.0625 54.6186 19.994 54.7698 20.0655C54.9209 20.1369 54.9895 20.3155 54.9183 20.4668C54.5261 21.3249 54.022 21.6608 53.634 21.789Z" fill="#263238"/>
<path d="M57.3614 18.9472C57.0654 19.0451 56.7685 19.0825 56.5388 19.0817C56.3732 19.0822 56.2356 18.9455 56.2369 18.7758C56.2362 18.6099 56.3724 18.4722 56.539 18.4747C56.5935 18.4758 57.8831 18.4617 57.9213 17.5067C57.9264 17.3388 58.0683 17.2089 58.2358 17.2142C58.4033 17.2195 58.5333 17.3619 58.5282 17.5297C58.4969 18.3419 57.9333 18.7582 57.3614 18.9472Z" fill="#263238"/>
<path d="M52.2144 20.5232C52.1397 20.5479 52.0574 20.5112 52.0269 20.4382C52.0126 20.4046 51.6762 19.5893 52.0403 18.8971C52.2623 18.4787 52.684 18.2019 53.2998 18.0783C53.3802 18.0613 53.4615 18.1143 53.4796 18.1978C53.4966 18.2784 53.4467 18.3588 53.3605 18.3777C52.8376 18.4834 52.4839 18.7057 52.3081 19.0418C52.0103 19.6066 52.3019 20.3153 52.3048 20.324C52.3372 20.4027 52.3025 20.4909 52.224 20.5232C52.223 20.5203 52.2173 20.5222 52.2144 20.5232Z" fill="#263238"/>
<path d="M55.1207 17.0675C55.0862 17.0789 55.0479 17.0788 55.0106 17.0624C54.935 17.0266 54.8998 16.9393 54.9344 16.8607C54.9402 16.8492 55.5438 15.5603 57.1638 15.9386C57.2461 15.9561 57.2957 16.0388 57.2783 16.1212C57.2609 16.2036 57.1785 16.2532 57.0962 16.2357C55.7145 15.9128 55.2147 16.9758 55.2089 16.9872C55.1906 17.0284 55.158 17.0552 55.1207 17.0675Z" fill="#263238"/>
<path d="M48.7312 22.9228C48.7312 22.9228 49.242 25.1724 49.6374 25.6647C50.0328 26.157 52.6243 27.6422 53.1377 28.0188C53.6511 28.3955 53.7429 28.4418 53.4834 30.0099C53.2239 31.5781 50.2593 42.1485 50.7672 44.3991C51.278 46.6487 52.069 48.5693 54.2433 47.3842C56.4206 46.1982 55.8216 39.9204 55.7126 36.292C55.6036 32.6637 55.238 28.0275 54.9353 27.1116C54.6336 26.1986 50.9322 24.8949 50.5275 24.7315C50.1258 24.5672 49.5899 23.4185 49.3814 22.7877C49.1739 22.1503 48.8234 22.2661 48.7312 22.9228Z" fill="#FEDEA5"/>
<path d="M53.7302 47.773C53.2302 47.9383 52.7821 47.933 52.3919 47.7553C51.3943 47.3023 50.9366 45.821 50.6223 44.4265C50.2359 42.7173 51.7862 36.4128 52.7123 32.6468C53.0229 31.3781 53.2718 30.3757 53.3357 29.9808C53.5778 28.5239 53.5195 28.4824 53.0683 28.1492C52.8876 28.0172 52.4946 27.7733 52.0375 27.4899C51.0431 26.8729 49.8019 26.1074 49.5202 25.7565C49.1142 25.2517 48.6356 23.1863 48.5844 22.9541C48.5816 22.9358 48.5787 22.9176 48.5816 22.8975C48.6418 22.4814 48.805 22.2326 49.0271 22.2103C49.1478 22.1992 49.3726 22.2527 49.5306 22.7308C49.7819 23.4911 50.298 24.4643 50.5888 24.5822C50.63 24.6006 50.7094 24.6286 50.8184 24.6693C53.5286 25.6936 54.8846 26.4498 55.0845 27.0547C55.4034 28.0195 55.7612 32.719 55.8694 36.2773C55.8848 36.7386 55.904 37.2403 55.9288 37.7688C56.0876 41.4222 56.3031 46.4243 54.3204 47.5045C54.1144 47.6237 53.917 47.7113 53.7302 47.773ZM48.8812 22.9166C49.0284 23.5549 49.4485 25.1923 49.7512 25.5683C50.0005 25.8788 51.3191 26.6954 52.1921 27.2343C52.6731 27.5322 53.0498 27.7655 53.2229 27.8936C53.8194 28.329 53.8861 28.4922 53.6295 30.0307C53.5627 30.4361 53.3129 31.4452 53.0013 32.7206C52.0829 36.4617 50.5432 42.7211 50.9135 44.3623C51.1964 45.6042 51.6302 47.0805 52.514 47.4785C52.9674 47.6833 53.5094 47.6064 54.1715 47.247C55.9894 46.2564 55.7746 41.3627 55.6205 37.7908C55.5976 37.2585 55.5746 36.7549 55.5621 36.2926C55.4458 32.4398 55.0713 27.9983 54.7924 27.1544C54.68 26.8146 53.879 26.156 50.7068 24.9585C50.5968 24.915 50.5136 24.885 50.4696 24.8676C49.9798 24.6685 49.4269 23.4104 49.2346 22.8286C49.1499 22.5723 49.0639 22.5144 49.0447 22.5144C49.0265 22.5172 48.9326 22.5994 48.8812 22.9166Z" fill="#263238"/>
<path d="M55.7137 36.2879C55.7029 35.9273 55.6892 35.558 55.6736 35.183L52.2927 34.9937C51.4234 38.6132 50.4578 43.0312 50.7682 44.395C51.279 46.6446 52.07 48.5652 54.2444 47.3801C56.4216 46.1941 55.8236 39.9191 55.7137 36.2879Z" fill="#F26F1F"/>
<path d="M53.7304 47.7734C53.2304 47.9386 52.7824 47.9333 52.3921 47.7556C51.3945 47.3026 50.9368 45.8214 50.6226 44.4269C50.2998 42.9969 51.3386 38.3374 52.1501 34.9576C52.1684 34.8876 52.2317 34.8379 52.3063 34.842L55.6863 35.0284C55.7638 35.0315 55.8259 35.0941 55.8296 35.1727C55.8452 35.5477 55.8598 35.9199 55.8706 36.2805C55.886 36.7419 55.9052 37.2435 55.93 37.772C56.0888 41.4255 56.3043 46.4275 54.3216 47.5077C54.1146 47.624 53.9172 47.7116 53.7304 47.7734ZM52.412 35.1521C51.6131 38.4927 50.6099 43.0094 50.9166 44.3617C51.1995 45.6036 51.6333 47.0799 52.5171 47.4779C52.9705 47.6827 53.5125 47.6058 54.1747 47.2464C55.9926 46.2558 55.7778 41.3621 55.6236 37.7902C55.6007 37.2579 55.5777 36.7543 55.5652 36.292C55.5562 35.9755 55.5453 35.6532 55.5297 35.3262L52.412 35.1521Z" fill="#263238"/>
<path d="M51.6806 37.6464C51.6758 37.6704 51.671 37.6943 51.6661 37.7183C51.6536 37.7767 51.6401 37.8323 51.6275 37.8908C51.5995 38.0182 51.5744 38.1447 51.5454 38.2693C52.3717 38.1943 53.8088 38.1251 55.7922 38.2331C55.7839 38.025 55.7748 37.8236 55.7665 37.625C53.9191 37.5232 52.5433 37.5753 51.6806 37.6464Z" fill="#263238"/>
<path d="M55.424 45.5973C55.4886 45.3779 55.5445 45.1421 55.5938 44.8958C53.6865 45.5677 52.1508 45.6855 51.1036 45.6419C51.1759 45.8608 51.254 46.0682 51.3379 46.2641C52.3603 46.2808 53.7439 46.1462 55.424 45.5973Z" fill="#263238"/>
<path d="M50.9342 41.4746C50.9246 41.5321 50.9149 41.5896 50.9081 41.6462C50.8993 41.7066 50.8887 41.7708 50.88 41.8312C50.8654 41.9318 50.8547 42.0248 50.8421 42.1217C52.0115 41.8598 53.8299 41.6038 55.8666 41.8539C55.8698 41.6516 55.8721 41.4464 55.8716 41.2421C53.8961 41.0037 52.1381 41.2205 50.9342 41.4746Z" fill="#263238"/>
<path d="M60.1279 13.6576C60.1279 13.6576 62.3323 14.3284 62.7929 14.7576C63.2545 15.1897 64.5466 17.8839 64.8845 18.424C65.2224 18.964 65.2633 19.0591 66.8442 18.9136C68.424 18.7653 79.1635 16.5576 81.3651 17.2293C83.5695 17.9 85.4249 18.8267 84.0884 20.9169C82.7519 23.0071 76.5447 21.9629 72.9382 21.5926C69.3317 21.2224 64.7417 20.5286 63.8521 20.1613C62.9625 19.794 61.929 16.0016 61.7958 15.5887C61.6625 15.1759 60.5561 14.5576 59.94 14.3044C59.3297 14.0492 59.4711 13.7054 60.1279 13.6576Z" fill="#FEDEA5"/>
<path d="M82.8162 21.9592C80.7529 22.6412 77.1867 22.2288 74.4091 21.9072C73.8827 21.848 73.385 21.7889 72.9266 21.7423C69.39 21.3809 64.7358 20.686 63.7984 20.2993C63.211 20.0558 62.5512 18.6477 61.7274 15.8658C61.6941 15.7554 61.6703 15.6738 61.6561 15.6306C61.5599 15.3301 60.6267 14.744 59.8882 14.4386C59.4233 14.2472 59.3855 14.0169 59.4039 13.899C59.4388 13.6766 59.7004 13.5327 60.1178 13.5033C60.137 13.5034 60.1561 13.5035 60.1743 13.5102C60.4039 13.5781 62.4246 14.2041 62.8986 14.6449C63.2302 14.9538 63.9027 16.2459 64.4464 17.2834C64.6954 17.757 64.9081 18.1691 65.0159 18.3411C65.3261 18.836 65.3624 18.8975 66.8312 18.7603C67.2295 18.7213 68.2465 18.5481 69.5316 18.3278C73.3468 17.6707 79.7352 16.572 81.4114 17.0819C82.7729 17.4977 84.2174 18.0586 84.5994 19.0888C84.8041 19.6409 84.6756 20.284 84.2195 20.997C83.9334 21.443 83.4456 21.7512 82.8162 21.9592ZM59.8529 13.8592C59.7409 13.8963 59.7044 13.9403 59.7015 13.9508C59.7005 13.9671 59.753 14.0584 60.0008 14.1618C60.5651 14.3938 61.7788 15.0374 61.9415 15.5395C61.9558 15.5827 61.9805 15.6671 62.0148 15.7804C62.9823 19.0356 63.5809 19.8824 63.91 20.0197C64.7297 20.3589 69.1244 21.0501 72.9539 21.4394C73.4124 21.4859 73.913 21.5441 74.4403 21.6062C77.9864 22.0156 82.8447 22.576 83.9614 20.8332C84.3694 20.1967 84.4824 19.661 84.312 19.1934C83.9757 18.2822 82.5379 17.7415 81.3228 17.3731C79.7173 16.8846 73.374 17.9748 69.5828 18.6272C68.289 18.8503 67.2691 19.0245 66.8584 19.0644C65.3063 19.2099 65.1494 19.1308 64.7705 18.5244C64.6436 18.3236 64.4395 17.9278 64.1752 17.4273C63.6992 16.5176 62.9829 15.141 62.6895 14.8705C62.3349 14.5405 60.7353 14.0021 60.1115 13.8121C59.9995 13.8204 59.9162 13.8383 59.8529 13.8592Z" fill="#263238"/>
<path d="M72.9402 21.5914C72.5842 21.5557 72.2138 21.5152 71.8424 21.4718L71.8976 18.0799C75.5634 17.4722 80.0343 16.822 81.3671 17.2281C83.5715 17.8988 85.4269 18.8255 84.0904 20.9157C82.7539 23.0059 76.5467 21.9617 72.9402 21.5914Z" fill="#F26F1F"/>
<path d="M82.8162 21.9596C80.7528 22.6416 77.1866 22.2292 74.4091 21.9076C73.8827 21.8484 73.385 21.7893 72.9265 21.7427C72.5667 21.7051 72.2001 21.6665 71.8258 21.6241C71.7493 21.6143 71.6891 21.5479 71.6921 21.4702L71.7473 18.0783C71.7484 18.0045 71.7983 17.9432 71.874 17.931C75.2974 17.3618 80.0116 16.6568 81.4143 17.0813C82.7758 17.4971 84.2203 18.058 84.6022 19.0883C84.807 19.6404 84.6784 20.2835 84.2224 20.9965C83.9334 21.4434 83.4427 21.7526 82.8162 21.9596ZM72.9549 21.4426C73.4133 21.4892 73.9139 21.5474 74.4413 21.6095C77.9874 22.0189 82.8457 22.5793 83.9623 20.8365C84.3704 20.2 84.4834 19.6643 84.3129 19.1967C83.9767 18.2855 82.5388 17.7448 81.3237 17.3764C79.9986 16.9742 75.429 17.6538 72.0467 18.2126L71.9968 21.3408C72.3203 21.3744 72.6409 21.409 72.9549 21.4426Z" fill="#263238"/>
<path d="M78.4509 22.14C78.6558 22.1522 78.8558 22.1596 79.0559 22.1669L79.3306 17.1243C79.1984 17.1296 79.0644 17.1388 78.9246 17.1498C78.8968 17.1526 78.8652 17.1535 78.8375 17.1563C78.8001 17.159 78.7599 17.1627 78.7226 17.1655L78.4509 22.14Z" fill="#263238"/>
<path d="M75.7115 17.4963C75.6598 17.5038 75.6052 17.5123 75.5525 17.5169C75.4127 17.5376 75.272 17.5553 75.1322 17.576L74.8533 21.8054C75.0084 21.8212 75.1644 21.8399 75.3204 21.8587C75.3634 21.8636 75.4094 21.8676 75.4563 21.8744L75.745 17.4917C75.7335 17.4954 75.7239 17.4954 75.7115 17.4963Z" fill="#263238"/>
<path d="M82.4925 17.6162C82.3949 18.6229 82.2086 20.4511 81.9893 22.0156C82.2115 21.9741 82.425 21.9258 82.6223 21.867C82.8174 20.4416 82.9803 18.8607 83.075 17.8741C82.8914 17.7815 82.6943 17.6964 82.4925 17.6162Z" fill="#263238"/>
<path d="M118.468 61.7655C119.138 61.8636 119.809 62.281 119.809 62.281C119.809 62.281 119.781 63.0664 118.63 64.7822C119.998 65.4675 121.268 66.2235 121.642 66.0453C122.378 65.6967 123.342 61.5444 123.694 60.3611C124.047 59.1807 125.012 58.1845 124.665 56.4907C124.318 54.794 123.327 55.0162 123.104 55.6235C122.88 56.2308 121.052 58.5793 119.936 59.3765C118.818 60.1708 117.96 60.873 117.96 60.873C117.96 60.873 117.798 61.6675 118.468 61.7655Z" fill="#F37630"/>
<path d="M121.66 66.1985C121.298 66.3182 120.581 65.9611 119.378 65.3396C119.113 65.2035 118.835 65.0587 118.556 64.9178C118.518 64.8985 118.487 64.8639 118.477 64.8226C118.466 64.7814 118.473 64.7344 118.496 64.698C119.391 63.364 119.592 62.6042 119.637 62.3626C119.441 62.2517 118.937 61.9902 118.441 61.9176C118.22 61.8853 118.054 61.7869 117.939 61.6235C117.716 61.3044 117.801 60.8578 117.807 60.8396C117.815 60.8051 117.833 60.7735 117.861 60.7515C117.869 60.7458 118.735 60.0379 119.845 59.2493C120.952 58.4617 122.746 56.1437 122.96 55.568C123.088 55.2223 123.413 54.9998 123.753 55.0249C123.988 55.0429 124.559 55.2184 124.814 56.4602C125.067 57.6991 124.658 58.5628 124.26 59.394C124.096 59.7387 123.941 60.0614 123.838 60.4053C123.772 60.6286 123.681 60.962 123.575 61.3549C122.937 63.7351 122.312 65.8937 121.705 66.1805C121.691 66.1852 121.675 66.1938 121.66 66.1985ZM118.846 64.7231C119.075 64.8389 119.299 64.9567 119.518 65.0696C120.373 65.5154 121.342 66.0162 121.574 65.9077C122.105 65.6552 122.9 62.6963 123.282 61.2763C123.389 60.8796 123.479 60.5432 123.546 60.32C123.655 59.955 123.823 59.6055 123.982 59.2684C124.359 58.4794 124.746 57.6645 124.513 56.5244C124.364 55.8037 124.07 55.3578 123.726 55.3308C123.523 55.3148 123.322 55.458 123.241 55.6764C123.012 56.2952 121.189 58.6677 120.019 59.4983C119.062 60.179 118.29 60.7951 118.099 60.9508C118.088 61.0534 118.078 61.2902 118.191 61.4507C118.257 61.544 118.355 61.598 118.489 61.6176C119.182 61.7205 119.858 62.136 119.887 62.1553C119.935 62.1842 119.962 62.2361 119.957 62.2888C119.954 62.3186 119.916 63.0914 118.846 64.7231Z" fill="#263238"/>
<path d="M123.97 55.2478C124.375 57.3023 123.963 58.1478 122.488 61.3827C121.337 63.907 121.042 65.3302 120.972 66.0051C121.276 66.0867 121.509 66.1056 121.639 66.0466C122.375 65.698 123.339 61.5456 123.691 60.3623C124.043 59.1819 125.008 58.1857 124.662 56.4919C124.513 55.7616 124.247 55.3896 123.97 55.2478Z" fill="white"/>
<path d="M121.652 66.2016C121.494 66.2538 121.262 66.2377 120.934 66.1513C120.861 66.1338 120.812 66.0636 120.823 65.9898C120.904 65.2123 121.234 63.771 122.352 61.3185L122.438 61.1337C123.837 58.0674 124.212 57.2438 123.823 55.2766C123.811 55.22 123.836 55.1606 123.882 55.1262C123.928 55.0918 123.99 55.0872 124.044 55.1143C124.294 55.2455 124.634 55.587 124.814 56.4603C125.067 57.6993 124.658 58.563 124.26 59.3941C124.096 59.7389 123.942 60.0616 123.839 60.4055C123.772 60.6288 123.681 60.9622 123.575 61.3551C122.937 63.7352 122.312 65.8939 121.705 66.1806C121.689 66.1892 121.672 66.1949 121.652 66.2016ZM121.14 65.8882C121.432 65.9515 121.541 65.925 121.574 65.9078C122.106 65.6554 122.9 62.6965 123.282 61.2764C123.39 60.8798 123.479 60.5434 123.546 60.3202C123.655 59.9551 123.823 59.6056 123.982 59.2686C124.359 58.4795 124.746 57.6647 124.513 56.5246C124.43 56.1177 124.312 55.8497 124.198 55.6767C124.456 57.4412 123.999 58.4419 122.71 61.2641L122.625 61.4489C121.543 63.819 121.228 65.2105 121.14 65.8882Z" fill="#263238"/>
<path d="M75.0878 52.4224C75.0447 52.4366 74.992 52.4317 74.9528 52.3999C74.8859 52.3517 74.8698 52.2548 74.9178 52.1878C74.9178 52.1878 75.1558 51.8568 75.5503 51.3143C75.5983 51.2473 75.695 51.2313 75.7629 51.2824C75.8298 51.3305 75.8459 51.4274 75.7951 51.4954C75.3996 52.035 75.1654 52.368 75.1654 52.368C75.1424 52.3948 75.1165 52.4129 75.0878 52.4224Z" fill="white"/>
<path d="M74.1804 53.2946C74.1804 53.2946 81.2525 42.8649 87.7404 37.7367C94.2291 32.6114 97.3204 33.6121 97.7 36.3619C98.0768 39.1126 97.4865 48.5725 96.4232 54.0355C95.3599 59.4986 93.4608 68.538 93.4608 68.538C93.4608 68.538 99.6118 73 100.217 73.5477C100.821 74.0924 98.0771 75.1078 96.7048 74.8138C95.6139 74.5801 95.6673 74.6839 93.2599 74.0355C89.18 72.9367 88.7019 72.1363 88.9248 71.2097C89.6426 68.2409 90.8098 65.5709 90.5698 62.3564C90.1318 56.5174 90.3169 48.7057 90.8489 49.3797C90.8489 49.3797 88.6375 53.9443 84.1336 57.3497C79.6269 60.7561 76.1716 61.4028 72.9248 59.1406" fill="#73B4EA"/>
<path d="M99.0966 74.691C98.289 74.9579 97.3027 75.0985 96.6692 74.9661C96.3506 74.8989 96.1305 74.8598 95.9171 74.8217C95.406 74.7318 94.9218 74.6459 93.2177 74.1868C89.1588 73.0939 88.5151 72.2555 88.7747 71.1794C88.957 70.4194 89.1719 69.6711 89.3829 68.9497C90.0064 66.7852 90.5942 64.7444 90.4168 62.375C90.146 58.7394 90.0741 53.1596 90.3461 50.5874C89.3877 52.1724 87.345 55.1158 84.2206 57.4775C79.5892 60.9793 76.0768 61.53 72.8309 59.2706C72.7611 59.2234 72.746 59.1294 72.793 59.0595C72.8401 58.9897 72.9368 58.9737 73.0037 59.0218C76.1224 61.1954 79.5267 60.6454 84.0354 57.2352C87.6266 54.5212 89.7661 51.0314 90.4577 49.7869C90.5253 49.4515 90.6071 49.2456 90.7067 49.2094C90.7412 49.198 90.8571 49.1629 90.9612 49.2946C90.9984 49.3398 91.0031 49.4022 90.9791 49.4549C90.9752 49.4625 90.8839 49.6492 90.7053 49.9671C90.4388 51.6685 90.3363 57.3283 90.7136 62.3568C90.8957 64.7789 90.2982 66.8485 89.67 69.0369C89.4618 69.7574 89.2489 70.5019 89.0675 71.2551C88.8957 71.97 89.078 72.7627 93.2938 73.8964C94.9846 74.3536 95.4611 74.4357 95.9664 74.5275C96.1827 74.5646 96.4067 74.6056 96.732 74.6738C97.8736 74.9162 99.9006 74.2304 100.134 73.7698C100.155 73.7277 100.154 73.7056 100.113 73.6681C99.5226 73.1349 93.4328 68.7133 93.3707 68.67C93.321 68.6353 93.2981 68.5758 93.3107 68.5173C93.329 68.4282 95.2214 59.4165 96.2731 54.0148C97.348 48.4904 97.9209 39.1034 97.5498 36.3891C97.4176 35.4201 96.9459 34.7453 96.1922 34.4417C95.1983 34.0386 92.7908 33.9494 87.8331 37.8626C81.4383 42.9152 74.3768 53.2807 74.3057 53.3841C74.2587 53.4539 74.1658 53.4718 74.096 53.4246C74.0262 53.3774 74.0082 53.2843 74.0552 53.2145C74.1263 53.1111 81.2156 42.7045 87.6459 37.6241C91.4071 34.6527 94.4814 33.4225 96.3028 34.1592C97.1637 34.5072 97.6974 35.2637 97.8486 36.3479C98.2235 39.0833 97.6486 48.5221 96.5688 54.0704C95.577 59.1712 93.8324 67.4919 93.6266 68.48C94.3809 69.0262 99.7403 72.9255 100.316 73.4414C100.457 73.5704 100.49 73.7383 100.406 73.9069C100.255 74.1931 99.7317 74.4811 99.0966 74.691Z" fill="#73B4EA"/>
<path d="M76.6762 50.2549C76.6302 50.2701 76.5795 50.2613 76.5384 50.2334C76.4705 50.1823 76.4582 50.0874 76.5062 50.0204C77.99 48.0381 80.0983 45.3222 81.7289 43.6491C81.7855 43.5889 81.8841 43.5882 81.9414 43.646C82.0026 43.7056 82.0024 43.8015 81.9449 43.8589C80.3267 45.5214 78.227 48.2249 76.7481 50.2024C76.7308 50.2273 76.7049 50.2454 76.6762 50.2549Z" fill="white"/>
<path d="M88.2982 53.168C88.2579 53.1813 88.212 53.1773 88.1718 53.1522C88.1001 53.1089 88.0783 53.0138 88.1215 52.9421L89.8979 50.0515C89.8704 49.4472 89.676 43.3616 92.3517 39.2761C92.3987 39.2062 92.4907 39.1854 92.5605 39.2326C92.6303 39.2799 92.6512 39.372 92.6041 39.4419C89.8564 43.6374 90.1986 50.016 90.2033 50.0784C90.2042 50.11 90.1984 50.1407 90.1811 50.1656L88.3825 53.0954C88.3604 53.1346 88.3326 53.1566 88.2982 53.168Z" fill="white"/>
<path d="M97.3644 47.98C97.3471 47.9857 97.3261 47.9894 97.306 47.9865C97.2217 47.9824 97.1596 47.9103 97.1636 47.8259L97.2545 46.3358C97.2585 46.2515 97.3304 46.1894 97.4146 46.1935C97.4989 46.1976 97.561 46.2697 97.557 46.3541L97.4661 47.8441C97.465 47.9084 97.4218 47.961 97.3644 47.98Z" fill="white"/>
<path d="M97.5353 45.1789C97.518 45.1846 97.4969 45.1884 97.4768 45.1854C97.3926 45.1813 97.3305 45.1092 97.3345 45.0248L97.6615 39.6294C97.6655 39.5451 97.7374 39.4829 97.8217 39.4871C97.9059 39.4912 97.968 39.5633 97.964 39.6477L97.637 45.0431C97.633 45.1083 97.5927 45.1599 97.5353 45.1789Z" fill="white"/>
<path d="M96.6999 74.8186C98.0712 75.1098 100.819 74.0963 100.212 73.5525C99.6078 73.0077 93.4559 68.5428 93.4559 68.5428C93.4559 68.5428 93.9592 66.1498 94.5929 63.081C92.6632 63.4536 91.3631 63.0111 90.5723 62.5185C90.7636 65.6628 89.6281 68.2936 88.9199 71.2145C88.697 72.1411 89.1751 72.9415 93.255 74.0403C95.6624 74.6887 95.609 74.5849 96.6999 74.8186Z" fill="#FEDEA5"/>
<path d="M99.0966 74.6911C98.2891 74.958 97.3028 75.0986 96.6693 74.9662C96.3506 74.899 96.1305 74.8599 95.9171 74.8218C95.406 74.7319 94.9218 74.646 93.2177 74.1869C89.1588 73.094 88.5151 72.2556 88.7747 71.1795C88.958 70.4224 89.171 69.6779 89.3791 68.9574C89.9891 66.839 90.5644 64.8374 90.4232 62.5295C90.4204 62.4729 90.4473 62.4193 90.4981 62.3898C90.546 62.3611 90.6064 62.3604 90.6551 62.3922C91.3818 62.8453 92.6494 63.3049 94.5667 62.9332C94.6174 62.9228 94.6672 62.9383 94.7016 62.9749C94.736 63.0114 94.7531 63.0633 94.7406 63.1121C94.1821 65.8205 93.7233 68.0009 93.6257 68.4772C94.38 69.0234 99.7394 72.9228 100.315 73.4387C100.456 73.5676 100.489 73.7356 100.405 73.9041C100.255 74.1932 99.7317 74.4812 99.0966 74.6911ZM90.7386 62.7895C90.8225 65.03 90.2626 66.9818 89.6709 69.0399C89.4647 69.7566 89.2518 70.501 89.0694 71.2514C88.8977 71.9663 89.08 72.759 93.2958 73.8927C94.9865 74.3499 95.4631 74.4319 95.9684 74.5237C96.1847 74.5609 96.4086 74.6019 96.734 74.67C97.8756 74.9125 99.9026 74.2266 100.136 73.7661C100.157 73.7239 100.156 73.7019 100.115 73.6643C99.5246 73.1311 93.4348 68.7096 93.3726 68.6663C93.3229 68.6316 93.3 68.572 93.3126 68.5136C93.3126 68.5136 93.7927 66.2336 94.4014 63.2722C92.7016 63.5496 91.5018 63.1986 90.7386 62.7895Z" fill="#263238"/>
<path d="M93.4564 68.5429C93.4564 68.5429 92.979 68.3812 92.7532 69.3088C92.5275 70.2364 92.4933 71.0975 92.4933 71.0975L89.4361 69.3029C89.255 69.9315 89.0757 70.5658 88.9203 71.2145C88.6975 72.1412 89.1756 72.9416 93.2555 74.0404C95.6629 74.6887 95.6095 74.585 96.7004 74.8187C98.0717 75.1098 100.819 74.0963 100.212 73.5525C99.6074 73.0049 93.4564 68.5429 93.4564 68.5429Z" fill="#F37630"/>
<path d="M99.0967 74.6909C98.2892 74.9578 97.3029 75.0985 96.6694 74.966C96.3507 74.8988 96.1306 74.8598 95.9172 74.8217C95.4062 74.7318 94.9219 74.6459 93.2178 74.1867C89.1589 73.0938 88.5152 72.2555 88.7748 71.1793C88.9378 70.5056 89.1277 69.8359 89.2915 69.261C89.305 69.215 89.3376 69.1787 89.3798 69.1615C89.4248 69.1435 89.4707 69.1475 89.5138 69.1716L92.3606 70.8408C92.387 70.5158 92.4514 69.9099 92.6067 69.2707C92.708 68.8539 92.8751 68.5782 93.1041 68.4514C93.3092 68.3389 93.4862 68.3922 93.5044 68.399C93.5187 68.4038 93.534 68.4115 93.5465 68.4202C93.7979 68.6023 99.7108 72.8938 100.315 73.4385C100.456 73.5675 100.489 73.7354 100.405 73.9039C100.255 74.1931 99.7318 74.481 99.0967 74.6909ZM89.5275 69.5312C89.3771 70.0601 89.2094 70.6523 89.0657 71.2493C88.8939 71.9642 89.0762 72.7569 93.2921 73.8906C94.9828 74.3478 95.4594 74.4299 95.9647 74.5217C96.1809 74.5588 96.4049 74.5998 96.7302 74.668C97.8719 74.9104 99.8988 74.2245 100.132 73.764C100.153 73.7219 100.153 73.6998 100.111 73.6623C99.539 73.1454 93.8345 69.0023 93.3938 68.6815C93.367 68.6776 93.3076 68.6813 93.2405 68.7194C93.1389 68.7785 92.996 68.9344 92.8976 69.3407C92.6786 70.2405 92.6444 71.092 92.6435 71.0987C92.6414 71.1505 92.6098 71.1993 92.5647 71.227C92.5187 71.2518 92.4613 71.2516 92.4144 71.2256L89.5275 69.5312Z" fill="#F37630"/>
<path d="M93.2569 74.0403C95.6643 74.6886 95.6109 74.5849 96.7018 74.8186C97.9362 75.0815 100.281 74.2873 100.3 73.7282C95.862 74.9396 91.096 72.6523 88.8946 71.364C88.759 72.2267 89.397 72.9998 93.2569 74.0403Z" fill="white"/>
<path d="M99.0731 74.7049C98.2886 74.9642 97.3291 75.1088 96.6698 74.9657C96.3511 74.8985 96.131 74.8594 95.9176 74.8213C95.4066 74.7314 94.9223 74.6455 93.2182 74.1864C89.2914 73.1265 88.595 72.312 88.7424 71.34C88.7511 71.2892 88.7818 71.2471 88.8259 71.2261C88.8728 71.2042 88.9245 71.2063 88.9685 71.2333C91.3314 72.6152 95.9388 74.76 100.258 73.5818C100.304 73.5695 100.352 73.5793 100.391 73.6081C100.429 73.637 100.451 73.6841 100.448 73.733C100.443 73.8816 100.346 74.0319 100.161 74.1761C99.9153 74.369 99.5214 74.5567 99.0731 74.7049ZM89.0281 71.6161C89.0566 72.2041 89.6718 72.9177 93.2963 73.8922C94.987 74.3494 95.4636 74.4315 95.9689 74.5232C96.1852 74.5604 96.4091 74.6014 96.7345 74.6695C97.6464 74.8633 99.2632 74.4504 99.9227 73.9768C95.7451 74.9167 91.4064 72.977 89.0281 71.6161Z" fill="#263238"/>
</svg>
